      33.4130
      33.3906
      33.3682
      33.3458
      33.3234
      33.3010
      33.2786
      33.2563
      33.2339
      33.2115
      33.1892
      33.1668
      33.1445
      33.1222
      33.0998
      33.0775
      33.0552
      33.0328
      33.0105
      33.0146
      32.9923
      32.9700
      32.9477
      32.9254
      32.9031
      32.8808
      32.8585
      32.8363
      32.8140
      32.7917
      32.7694
      32.7472
      32.7249
      32.7026
      32.6804
      32.6581
      32.6358
      32.6136
      32.5913
      32.5691
      32.5732
      32.5510
      32.5287
      32.5065
      32.4842
      32.4620
      32.4398
      32.4175
      32.3953
      32.3731
      32.3508
      32.3286
      32.3064
      32.2842
      32.2620
      32.2397
      32.2175
      32.1953
      32.1731
      32.1509
      32.1286
      32.1327
      32.1105
      32.0883
      32.0661
      32.0439
      32.0217
      31.9994
      31.9772
      31.9550
      31.9328
      31.9106
      31.8884
      31.8661
      31.8439
      31.8217
      31.7995
      31.7773
      31.7551
      31.7328
      31.7106
      31.7147
      31.6925
      31.6702
      31.6480
      31.6258
      31.6036
      31.5813
      31.5591
      31.5368
      31.5146
      31.4924
      31.4701
      31.4479
      31.4256
      31.4034
      31.3811
      31.3589
      31.3366
      31.3144
      31.2962
      31.2921
      31.2739
      31.2516
      31.2294
      31.2071
      31.1848
      31.1625
      31.1402
      31.1179
      31.0956
      31.0733
      31.0510
      31.0287
      31.0064
