       34.053627       34.030922       34.008221       33.985535       33.962852
       33.940186       33.917522       33.894875       33.872231       33.849598
       33.826973       33.804359       33.781750       33.759155       33.736565
       33.713982       33.691410       33.668846       33.646290       33.650589
       33.628040       33.605499       33.582970       33.560444       33.537926
       33.515415       33.492912       33.470417       33.447929       33.425446
       33.402973       33.380505       33.358044       33.335590       33.313141
       33.290699       33.268265       33.245834       33.223412       33.200993
       33.205307       33.182896       33.160492       33.138092       33.115696
       33.093307       33.070927       33.048550       33.026176       33.003807
       32.981445       32.959087       32.936733       32.914383       32.892040
       32.869701       32.847366       32.825035       32.802708       32.780384
       32.758064       32.762390       32.740078       32.717766       32.695461
       32.673157       32.650856       32.628559       32.606266       32.583977
       32.561687       32.539402       32.517120       32.494843       32.472565
       32.450294       32.428020       32.405754       32.383484       32.361221
       32.338959       32.343300       32.321041       32.298782       32.276527
       32.254272       32.232021       32.209770       32.187519       32.165272
       32.143021       32.120777       32.098530       32.076286       32.054043
       32.031799       32.009556       31.987314       31.965073       31.942831
       31.924948       31.920591       31.902708       31.880468       31.858229
       31.835987       31.813747       31.791508       31.769266       31.747025
       31.724781       31.702538       31.680294       31.658049       31.635803
       33.995335       33.972641       33.949963       33.927288       33.904625
       33.881973       33.859329       33.836693       33.814068       33.791447
       33.768841       33.746239       33.723648       33.701061       33.678486
       33.655918       33.633362       33.610809       33.588264       33.592579
       33.570045       33.547520       33.524998       33.502487       33.479980
       33.457481       33.434990       33.412506       33.390030       33.367558
       33.345093       33.322636       33.300186       33.277740       33.255302
       33.232872       33.210445       33.188023       33.165611       33.143200
       33.147530       33.125130       33.102734       33.080341       33.057953
       33.035572       33.013199       32.990826       32.968460       32.946102
       32.923744       32.901394       32.879044       32.856701       32.834366
       32.812031       32.789700       32.767372       32.745052       32.722733
       32.700417       32.704762       32.682453       32.660145       32.637844
       32.615543       32.593246       32.570953       32.548660       32.526375
       32.504089       32.481808       32.459526       32.437248       32.414974
       32.392704       32.370434       32.348164       32.325897       32.303635
       32.281372       32.285732       32.263474       32.241215       32.218960
       32.196705       32.174454       32.152199       32.129948       32.107700
       32.085449       32.063202       32.040955       32.018707       31.996460
       31.974215       31.951969       31.929724       31.907478       31.885235
       31.867369       31.862989       31.845125       31.822882       31.800636
       31.778393       31.756147       31.733902       31.711655       31.689407
       31.667160       31.644911       31.622660       31.600409       31.578156
       33.927288       33.904625       33.881973       33.859329       33.836693
       33.814068       33.791447       33.768841       33.746239       33.723648
       33.701061       33.678486       33.655918       33.633362       33.610809
       33.588264       33.565731       33.543201       33.520679       33.524998
       33.502487       33.479980       33.457481       33.434990       33.412506
       33.390030       33.367558       33.345093       33.322636       33.300186
       33.277740       33.255302       33.232872       33.210445       33.188023
       33.165611       33.143200       33.120796       33.098400       33.076008
       33.080341       33.057953       33.035572       33.013199       32.990826
       32.968460       32.946102       32.923744       32.901394       32.879044
       32.856701       32.834366       32.812031       32.789700       32.767372
       32.745052       32.722733       32.700417       32.678104       32.655800
       32.633495       32.637844       32.615543       32.593246       32.570953
       32.548660       32.526375       32.504089       32.481808       32.459526
       32.437248       32.414974       32.392704       32.370434       32.348164
       32.325897       32.303635       32.281372       32.259109       32.236851
       32.214596       32.218960       32.196705       32.174454       32.152199
       32.129948       32.107700       32.085449       32.063202       32.040955
       32.018707       31.996460       31.974215       31.951969       31.929724
       31.907478       31.885235       31.862989       31.840744       31.818499
       31.800636       31.796253       31.778393       31.756147       31.733902
       31.711655       31.689407       31.667160       31.644911       31.622660
       31.600409       31.578156       31.555901       31.533646       31.511389
       33.881973       33.859329       33.836693       33.814068       33.791447
       33.768841       33.746239       33.723648       33.701061       33.678486
       33.655918       33.633362       33.610809       33.588264       33.565731
       33.543201       33.520679       33.498165       33.475658       33.479980
       33.457481       33.434990       33.412506       33.390030       33.367558
       33.345093       33.322636       33.300186       33.277740       33.255302
       33.232872       33.210445       33.188023       33.165611       33.143200
       33.120796       33.098400       33.076008       33.053619       33.031239
       33.035572       33.013199       32.990826       32.968460       32.946102
       32.923744       32.901394       32.879044       32.856701       32.834366
       32.812031       32.789700       32.767372       32.745052       32.722733
       32.700417       32.678104       32.655800       32.633495       32.611191
       32.588894       32.593246       32.570953       32.548660       32.526375
       32.504089       32.481808       32.459526       32.437248       32.414974
       32.392704       32.370434       32.348164       32.325897       32.303635
       32.281372       32.259109       32.236851       32.214596       32.192337
       32.170082       32.174454       32.152199       32.129948       32.107700
       32.085449       32.063202       32.040955       32.018707       31.996460
       31.974215       31.951969       31.929724       31.907478       31.885235
       31.862989       31.840744       31.818499       31.796253       31.774008
       31.756147       31.751760       31.733902       31.711655       31.689407
       31.667160       31.644911       31.622660       31.600409       31.578156
       31.555901       31.533646       31.511389       31.489130       31.466869
       33.814068       33.791447       33.768841       33.746239       33.723648
       33.701061       33.678486       33.655918       33.633362       33.610809
       33.588264       33.565731       33.543201       33.520679       33.498165
       33.475658       33.453159       33.430668       33.408184       33.412506
       33.390030       33.367558       33.345093       33.322636       33.300186
       33.277740       33.255302       33.232872       33.210445       33.188023
       33.165611       33.143200       33.120796       33.098400       33.076008
       33.053619       33.031239       33.008862       32.986492       32.964123
       32.968460       32.946102       32.923744       32.901394       32.879044
       32.856701       32.834366       32.812031       32.789700       32.767372
       32.745052       32.722733       32.700417       32.678104       32.655800
       32.633495       32.611191       32.588894       32.566601       32.544308
       32.522018       32.526375       32.504089       32.481808       32.459526
       32.437248       32.414974       32.392704       32.370434       32.348164
       32.325897       32.303635       32.281372       32.259109       32.236851
       32.214596       32.192337       32.170082       32.147831       32.125580
       32.103325       32.107700       32.085449       32.063202       32.040955
       32.018707       31.996460       31.974215       31.951969       31.929724
       31.907478       31.885235       31.862989       31.840744       31.818499
       31.796253       31.774008       31.751760       31.729513       31.707266
       31.689407       31.685017       31.667160       31.644911       31.622660
       31.600409       31.578156       31.555901       31.533646       31.511389
       31.489130       31.466869       31.444607       31.422342       31.400076
       33.768841       33.746239       33.723648       33.701061       33.678486
       33.655918       33.633362       33.610809       33.588264       33.565731
       33.543201       33.520679       33.498165       33.475658       33.453159
       33.430668       33.408184       33.385704       33.363235       33.367558
       33.345093       33.322636       33.300186       33.277740       33.255302
       33.232872       33.210445       33.188023       33.165611       33.143200
       33.120796       33.098400       33.076008       33.053619       33.031239
       33.008862       32.986492       32.964123       32.941761       32.919403
       32.923744       32.901394       32.879044       32.856701       32.834366
       32.812031       32.789700       32.767372       32.745052       32.722733
       32.700417       32.678104       32.655800       32.633495       32.611191
       32.588894       32.566601       32.544308       32.522018       32.499733
       32.477451       32.481808       32.459526       32.437248       32.414974
       32.392704       32.370434       32.348164       32.325897       32.303635
       32.281372       32.259109       32.236851       32.214596       32.192337
       32.170082       32.147831       32.125580       32.103325       32.081078
       32.058826       32.063202       32.040955       32.018707       31.996460
       31.974215       31.951969       31.929724       31.907478       31.885235
       31.862989       31.840744       31.818499       31.796253       31.774008
       31.751760       31.729513       31.707266       31.685017       31.662767
       31.644911       31.640516       31.622660       31.600409       31.578156
       31.555901       31.533646       31.511389       31.489130       31.466869
       31.444607       31.422342       31.400076       31.377808       31.355536
       33.701061       33.678486       33.655918       33.633362       33.610809
       33.588264       33.565731       33.543201       33.520679       33.498165
       33.475658       33.453159       33.430668       33.408184       33.385704
       33.363235       33.340771       33.318310       33.295860       33.300186
       33.277740       33.255302       33.232872       33.210445       33.188023
       33.165611       33.143200       33.120796       33.098400       33.076008
       33.053619       33.031239       33.008862       32.986492       32.964123
       32.941761       32.919403       32.897053       32.874702       32.852360
       32.856701       32.834366       32.812031       32.789700       32.767372
       32.745052       32.722733       32.700417       32.678104       32.655800
       32.633495       32.611191       32.588894       32.566601       32.544308
       32.522018       32.499733       32.477451       32.455170       32.432892
       32.410614       32.414974       32.392704       32.370434       32.348164
       32.325897       32.303635       32.281372       32.259109       32.236851
       32.214596       32.192337       32.170082       32.147831       32.125580
       32.103325       32.081078       32.058826       32.036579       32.014328
       31.992083       31.996460       31.974215       31.951969       31.929724
       31.907478       31.885235       31.862989       31.840744       31.818499
       31.796253       31.774008       31.751760       31.729513       31.707266
       31.685017       31.662767       31.640516       31.618265       31.596012
       31.578156       31.573757       31.555901       31.533646       31.511389
       31.489130       31.466869       31.444607       31.422342       31.400076
       31.377808       31.355536       31.333263       31.310987       31.288708
       33.604511       33.581924       33.559345       33.536774       33.514210
       33.491653       33.469105       33.446564       33.424030       33.401501
       33.378983       33.356468       33.333961       33.311462       33.288971
       33.266483       33.244003       33.221531       33.199062       33.203480
       33.181019       33.158566       33.136116       33.113674       33.091240
       33.068810       33.046383       33.023964       33.001549       32.979141
       32.956738       32.934338       32.911945       32.889553       32.867168
       32.844788       32.822414       32.800041       32.777676       32.755314
       32.759754       32.737396       32.715042       32.692692       32.670345
       32.648006       32.625668       32.603333       32.581001       32.558674
       32.536346       32.514027       32.491707       32.469391       32.447075
       32.424767       32.402458       32.380154       32.357849       32.335548
       32.313248       32.317719       32.295422       32.273129       32.250839
       32.228550       32.206261       32.183975       32.161690       32.139408
       32.117126       32.094845       32.072563       32.050285       32.028008
       32.005733       31.983456       31.961180       31.938906       31.916630
       31.894356       31.898851       31.876579       31.854307       31.832035
       31.809763       31.787491       31.765217       31.742945       31.720671
       31.698397       31.676123       31.653847       31.631571       31.609295
       31.587015       31.564737       31.542456       31.520174       31.497890
       31.480129       31.475605       31.457844       31.435558       31.413271
       31.390980       31.368689       31.346394       31.324097       31.301798
       31.279497       31.257195       31.234888       31.212578       31.190268
       33.660233       33.637672       33.615124       33.592579       33.570045
       33.547520       33.524998       33.502487       33.479980       33.457481
       33.434990       33.412506       33.390030       33.367558       33.345093
       33.322636       33.300186       33.277740       33.255302       33.259628
       33.237198       33.214771       33.192352       33.169937       33.147530
       33.125130       33.102734       33.080341       33.057953       33.035572
       33.013199       32.990826       32.968460       32.946102       32.923744
       32.901394       32.879044       32.856701       32.834366       32.812031
       32.816368       32.794041       32.771717       32.749393       32.727077
       32.704762       32.682453       32.660145       32.637844       32.615543
       32.593246       32.570953       32.548660       32.526375       32.504089
       32.481808       32.459526       32.437248       32.414974       32.392704
       32.370434       32.374790       32.352524       32.330257       32.307995
       32.285732       32.263474       32.241215       32.218960       32.196705
       32.174454       32.152199       32.129948       32.107700       32.085449
       32.063202       32.040955       32.018707       31.996460       31.974215
       31.951969       31.956345       31.934099       31.911856       31.889612
       31.867369       31.845125       31.822882       31.800636       31.778393
       31.756147       31.733902       31.711655       31.689407       31.667160
       31.644911       31.622660       31.600409       31.578156       31.555901
       31.538040       31.533646       31.515783       31.493526       31.471268
       31.449005       31.426743       31.404478       31.382210       31.359941
       31.337669       31.315395       31.293118       31.270840       31.248556
       33.563736       33.541164       33.518604       33.496048       33.473499
       33.450962       33.428429       33.405903       33.383385       33.360874
       33.338367       33.315868       33.293381       33.270893       33.248417
       33.225945       33.203480       33.181019       33.158566       33.162979
       33.140530       33.118092       33.095657       33.073227       33.050804
       33.028385       33.005974       32.983566       32.961163       32.938766
       32.916374       32.893986       32.871601       32.849224       32.826847
       32.804478       32.782112       32.759754       32.737396       32.715042
       32.719479       32.697132       32.674789       32.652447       32.630112
       32.607777       32.585449       32.563122       32.540798       32.518478
       32.496159       32.473846       32.451534       32.429226       32.406918
       32.384613       32.362312       32.340015       32.317719       32.295422
       32.273129       32.277592       32.255302       32.233017       32.210732
       32.188446       32.166164       32.143883       32.121601       32.099323
       32.077045       32.054768       32.032494       32.010216       31.987944
       31.965670       31.943396       31.921124       31.898851       31.876579
       31.854307       31.858797       31.836527       31.814257       31.791986
       31.769716       31.747446       31.725174       31.702902       31.680630
       31.658356       31.636082       31.613806       31.591530       31.569252
       31.546974       31.524694       31.502413       31.480129       31.457844
       31.440079       31.435558       31.417793       31.395504       31.373215
       31.350922       31.328629       31.306332       31.284031       31.261730
       31.239426       31.217119       31.194809       31.172497       31.150181
       33.592579       33.570045       33.547520       33.524998       33.502487
       33.479980       33.457481       33.434990       33.412506       33.390030
       33.367558       33.345093       33.322636       33.300186       33.277740
       33.255302       33.232872       33.210445       33.188023       33.192352
       33.169937       33.147530       33.125130       33.102734       33.080341
       33.057953       33.035572       33.013199       32.990826       32.968460
       32.946102       32.923744       32.901394       32.879044       32.856701
       32.834366       32.812031       32.789700       32.767372       32.745052
       32.749393       32.727077       32.704762       32.682453       32.660145
       32.637844       32.615543       32.593246       32.570953       32.548660
       32.526375       32.504089       32.481808       32.459526       32.437248
       32.414974       32.392704       32.370434       32.348164       32.325897
       32.303635       32.307995       32.285732       32.263474       32.241215
       32.218960       32.196705       32.174454       32.152199       32.129948
       32.107700       32.085449       32.063202       32.040955       32.018707
       31.996460       31.974215       31.951969       31.929724       31.907478
       31.885235       31.889612       31.867369       31.845125       31.822882
       31.800636       31.778393       31.756147       31.733902       31.711655
       31.689407       31.667160       31.644911       31.622660       31.600409
       31.578156       31.555901       31.533646       31.511389       31.489130
       31.471268       31.466869       31.449005       31.426743       31.404478
       31.382210       31.359941       31.337669       31.315395       31.293118
       31.270840       31.248556       31.226273       31.203983       31.181692
       33.518604       33.496048       33.473499       33.450962       33.428429
       33.405903       33.383385       33.360874       33.338367       33.315868
       33.293381       33.270893       33.248417       33.225945       33.203480
       33.181019       33.158566       33.136116       33.113674       33.118092
       33.095657       33.073227       33.050804       33.028385       33.005974
       32.983566       32.961163       32.938766       32.916374       32.893986
       32.871601       32.849224       32.826847       32.804478       32.782112
       32.759754       32.737396       32.715042       32.692692       32.670345
       32.674789       32.652447       32.630112       32.607777       32.585449
       32.563122       32.540798       32.518478       32.496159       32.473846
       32.451534       32.429226       32.406918       32.384613       32.362312
       32.340015       32.317719       32.295422       32.273129       32.250839
       32.228550       32.233017       32.210732       32.188446       32.166164
       32.143883       32.121601       32.099323       32.077045       32.054768
       32.032494       32.010216       31.987944       31.965670       31.943396
       31.921124       31.898851       31.876579       31.854307       31.832035
       31.809763       31.814257       31.791986       31.769716       31.747446
       31.725174       31.702902       31.680630       31.658356       31.636082
       31.613806       31.591530       31.569252       31.546974       31.524694
       31.502413       31.480129       31.457844       31.435558       31.413271
       31.395504       31.390980       31.373215       31.350922       31.328629
       31.306332       31.284031       31.261730       31.239426       31.217119
       31.194809       31.172497       31.150181       31.127863       31.105539
       33.547520       33.524998       33.502487       33.479980       33.457481
       33.434990       33.412506       33.390030       33.367558       33.345093
       33.322636       33.300186       33.277740       33.255302       33.232872
       33.210445       33.188023       33.165611       33.143200       33.147530
       33.125130       33.102734       33.080341       33.057953       33.035572
       33.013199       32.990826       32.968460       32.946102       32.923744
       32.901394       32.879044       32.856701       32.834366       32.812031
       32.789700       32.767372       32.745052       32.722733       32.700417
       32.704762       32.682453       32.660145       32.637844       32.615543
       32.593246       32.570953       32.548660       32.526375       32.504089
       32.481808       32.459526       32.437248       32.414974       32.392704
       32.370434       32.348164       32.325897       32.303635       32.281372
       32.259109       32.263474       32.241215       32.218960       32.196705
       32.174454       32.152199       32.129948       32.107700       32.085449
       32.063202       32.040955       32.018707       31.996460       31.974215
       31.951969       31.929724       31.907478       31.885235       31.862989
       31.840744       31.845125       31.822882       31.800636       31.778393
       31.756147       31.733902       31.711655       31.689407       31.667160
       31.644911       31.622660       31.600409       31.578156       31.555901
       31.533646       31.511389       31.489130       31.466869       31.444607
       31.426743       31.422342       31.404478       31.382210       31.359941
       31.337669       31.315395       31.293118       31.270840       31.248556
       31.226273       31.203983       31.181692       31.159399       31.137102
       33.473499       33.450962       33.428429       33.405903       33.383385
       33.360874       33.338367       33.315868       33.293381       33.270893
       33.248417       33.225945       33.203480       33.181019       33.158566
       33.136116       33.113674       33.091240       33.068810       33.073227
       33.050804       33.028385       33.005974       32.983566       32.961163
       32.938766       32.916374       32.893986       32.871601       32.849224
       32.826847       32.804478       32.782112       32.759754       32.737396
       32.715042       32.692692       32.670345       32.648006       32.625668
       32.630112       32.607777       32.585449       32.563122       32.540798
       32.518478       32.496159       32.473846       32.451534       32.429226
       32.406918       32.384613       32.362312       32.340015       32.317719
       32.295422       32.273129       32.250839       32.228550       32.206261
       32.183975       32.188446       32.166164       32.143883       32.121601
       32.099323       32.077045       32.054768       32.032494       32.010216
       31.987944       31.965670       31.943396       31.921124       31.898851
       31.876579       31.854307       31.832035       31.809763       31.787491
       31.765217       31.769716       31.747446       31.725174       31.702902
       31.680630       31.658356       31.636082       31.613806       31.591530
       31.569252       31.546974       31.524694       31.502413       31.480129
       31.457844       31.435558       31.413271       31.390980       31.368689
       31.350922       31.346394       31.328629       31.306332       31.284031
       31.261730       31.239426       31.217119       31.194809       31.172497
       31.150181       31.127863       31.105539       31.083216       31.060886
       33.437752       33.415215       33.392685       33.370163       33.347645
       33.325138       33.302635       33.280140       33.257648       33.235165
       33.212688       33.190220       33.167755       33.145298       33.122845
       33.100399       33.077957       33.055523       33.033092       33.037529
       33.015106       32.992687       32.970276       32.947868       32.925465
       32.903069       32.880676       32.858288       32.835903       32.813526
       32.791149       32.768780       32.746414       32.724052       32.701694
       32.679340       32.656990       32.634644       32.612297       32.589958
       32.594421       32.572086       32.549755       32.527428       32.505104
       32.482780       32.460461       32.438145       32.415829       32.393517
       32.371208       32.348904       32.326599       32.304295       32.281994
       32.259697       32.237400       32.215107       32.192814       32.170521
       32.148232       32.152725       32.130436       32.108150       32.085869
       32.063583       32.041302       32.019020       31.996740       31.974461
       31.952181       31.929903       31.907623       31.885345       31.863068
       31.840790       31.818512       31.796234       31.773956       31.751678
       31.729399       31.733921       31.711645       31.689367       31.667088
       31.644810       31.622528       31.600248       31.577965       31.555681
       31.533398       31.511112       31.488825       31.466536       31.444244
       31.421951       31.399658       31.377361       31.355062       31.332764
       31.315014       31.310461       31.292711       31.270405       31.248098
       31.225788       31.203474       31.181158       31.158838       31.136517
       31.114191       31.091864       31.069532       31.047197       31.024858
       33.479980       33.457481       33.434990       33.412506       33.390030
       33.367558       33.345093       33.322636       33.300186       33.277740
       33.255302       33.232872       33.210445       33.188023       33.165611
       33.143200       33.120796       33.098400       33.076008       33.080341
       33.057953       33.035572       33.013199       32.990826       32.968460
       32.946102       32.923744       32.901394       32.879044       32.856701
       32.834366       32.812031       32.789700       32.767372       32.745052
       32.722733       32.700417       32.678104       32.655800       32.633495
       32.637844       32.615543       32.593246       32.570953       32.548660
       32.526375       32.504089       32.481808       32.459526       32.437248
       32.414974       32.392704       32.370434       32.348164       32.325897
       32.303635       32.281372       32.259109       32.236851       32.214596
       32.192337       32.196705       32.174454       32.152199       32.129948
       32.107700       32.085449       32.063202       32.040955       32.018707
       31.996460       31.974215       31.951969       31.929724       31.907478
       31.885235       31.862989       31.840744       31.818499       31.796253
       31.774008       31.778393       31.756147       31.733902       31.711655
       31.689407       31.667160       31.644911       31.622660       31.600409
       31.578156       31.555901       31.533646       31.511389       31.489130
       31.466869       31.444607       31.422342       31.400076       31.377808
       31.359941       31.355536       31.337669       31.315395       31.293118
       31.270840       31.248556       31.226273       31.203983       31.181692
       31.159399       31.137102       31.114801       31.092497       31.070189
       33.370163       33.347645       33.325138       33.302635       33.280140
       33.257648       33.235165       33.212688       33.190220       33.167755
       33.145298       33.122845       33.100399       33.077957       33.055523
       33.033092       33.010670       32.988247       32.965836       32.970276
       32.947868       32.925465       32.903069       32.880676       32.858288
       32.835903       32.813526       32.791149       32.768780       32.746414
       32.724052       32.701694       32.679340       32.656990       32.634644
       32.612297       32.589958       32.567623       32.545288       32.522961
       32.527428       32.505104       32.482780       32.460461       32.438145
       32.415829       32.393517       32.371208       32.348904       32.326599
       32.304295       32.281994       32.259697       32.237400       32.215107
       32.192814       32.170521       32.148232       32.125942       32.103657
       32.081367       32.085869       32.063583       32.041302       32.019020
       31.996740       31.974461       31.952181       31.929903       31.907623
       31.885345       31.863068       31.840790       31.818512       31.796234
       31.773956       31.751678       31.729399       31.707121       31.684841
       31.662560       31.667088       31.644810       31.622528       31.600248
       31.577965       31.555681       31.533398       31.511112       31.488825
       31.466536       31.444244       31.421951       31.399658       31.377361
       31.355062       31.332764       31.310461       31.288155       31.265848
       31.248098       31.243538       31.225788       31.203474       31.181158
       31.158838       31.136517       31.114191       31.091864       31.069532
       31.047197       31.024858       31.002516       30.980169       30.957821
       33.447929       33.425446       33.402973       33.380505       33.358044
       33.335590       33.313141       33.290699       33.268265       33.245834
       33.223412       33.200993       33.178581       33.156174       33.133774
       33.111382       33.088989       33.066608       33.044228       33.048550
       33.026176       33.003807       32.981445       32.959087       32.936733
       32.914383       32.892040       32.869701       32.847366       32.825035
       32.802708       32.780384       32.758064       32.735748       32.713436
       32.691128       32.668823       32.646523       32.624226       32.601933
       32.606266       32.583977       32.561687       32.539402       32.517120
       32.494843       32.472565       32.450294       32.428020       32.405754
       32.383484       32.361221       32.338959       32.316696       32.294437
       32.272182       32.249928       32.227673       32.205421       32.183170
       32.160919       32.165272       32.143021       32.120777       32.098530
       32.076286       32.054043       32.031799       32.009556       31.987314
       31.965073       31.942831       31.920591       31.898350       31.876108
       31.853867       31.831625       31.809383       31.787142       31.764900
       31.742657       31.747025       31.724781       31.702538       31.680294
       31.658049       31.635803       31.613556       31.591307       31.569056
       31.546804       31.524551       31.502298       31.480042       31.457783
       31.435522       31.413261       31.390997       31.368729       31.346460
       31.328575       31.324190       31.306303       31.284027       31.261749
       31.239470       31.217186       31.194899       31.172609       31.150316
       31.128021       31.105721       31.083418       31.061111       31.038801
       33.325138       33.302635       33.280140       33.257648       33.235165
       33.212688       33.190220       33.167755       33.145298       33.122845
       33.100399       33.077957       33.055523       33.033092       33.010670
       32.988247       32.965836       32.943424       32.921021       32.925465
       32.903069       32.880676       32.858288       32.835903       32.813526
       32.791149       32.768780       32.746414       32.724052       32.701694
       32.679340       32.656990       32.634644       32.612297       32.589958
       32.567623       32.545288       32.522961       32.500633       32.478306
       32.482780       32.460461       32.438145       32.415829       32.393517
       32.371208       32.348904       32.326599       32.304295       32.281994
       32.259697       32.237400       32.215107       32.192814       32.170521
       32.148232       32.125942       32.103657       32.081367       32.059082
       32.036800       32.041302       32.019020       31.996740       31.974461
       31.952181       31.929903       31.907623       31.885345       31.863068
       31.840790       31.818512       31.796234       31.773956       31.751678
       31.729399       31.707121       31.684841       31.662560       31.640278
       31.617996       31.622528       31.600248       31.577965       31.555681
       31.533398       31.511112       31.488825       31.466536       31.444244
       31.421951       31.399658       31.377361       31.355062       31.332764
       31.310461       31.288155       31.265848       31.243538       31.221226
       31.203474       31.198910       31.181158       31.158838       31.136517
       31.114191       31.091864       31.069532       31.047197       31.024858
       31.002516       30.980169       30.957821       30.935467       30.913109
       33.380505       33.358044       33.335590       33.313141       33.290699
       33.268265       33.245834       33.223412       33.200993       33.178581
       33.156174       33.133774       33.111382       33.088989       33.066608
       33.044228       33.021854       32.999485       32.977123       32.981445
       32.959087       32.936733       32.914383       32.892040       32.869701
       32.847366       32.825035       32.802708       32.780384       32.758064
       32.735748       32.713436       32.691128       32.668823       32.646523
       32.624226       32.601933       32.579639       32.557350       32.535065
       32.539402       32.517120       32.494843       32.472565       32.450294
       32.428020       32.405754       32.383484       32.361221       32.338959
       32.316696       32.294437       32.272182       32.249928       32.227673
       32.205421       32.183170       32.160919       32.138672       32.116425
       32.094177       32.098530       32.076286       32.054043       32.031799
       32.009556       31.987314       31.965073       31.942831       31.920591
       31.898350       31.876108       31.853867       31.831625       31.809383
       31.787142       31.764900       31.742657       31.720413       31.698168
       31.675922       31.680294       31.658049       31.635803       31.613556
       31.591307       31.569056       31.546804       31.524551       31.502298
       31.480042       31.457783       31.435522       31.413261       31.390997
       31.368729       31.346460       31.324190       31.301916       31.279638
       31.261749       31.257360       31.239470       31.217186       31.194899
       31.172609       31.150316       31.128021       31.105721       31.083418
       31.061111       31.038801       31.016487       30.994169       30.971848
       33.257648       33.235165       33.212688       33.190220       33.167755
       33.145298       33.122845       33.100399       33.077957       33.055523
       33.033092       33.010670       32.988247       32.965836       32.943424
       32.921021       32.898624       32.876228       32.853840       32.858288
       32.835903       32.813526       32.791149       32.768780       32.746414
       32.724052       32.701694       32.679340       32.656990       32.634644
       32.612297       32.589958       32.567623       32.545288       32.522961
       32.500633       32.478306       32.455986       32.433666       32.411350
       32.415829       32.393517       32.371208       32.348904       32.326599
       32.304295       32.281994       32.259697       32.237400       32.215107
       32.192814       32.170521       32.148232       32.125942       32.103657
       32.081367       32.059082       32.036800       32.014515       31.992233
       31.969952       31.974461       31.952181       31.929903       31.907623
       31.885345       31.863068       31.840790       31.818512       31.796234
       31.773956       31.751678       31.729399       31.707121       31.684841
       31.662560       31.640278       31.617996       31.595713       31.573429
       31.551144       31.555681       31.533398       31.511112       31.488825
       31.466536       31.444244       31.421951       31.399658       31.377361
       31.355062       31.332764       31.310461       31.288155       31.265848
       31.243538       31.221226       31.198910       31.176592       31.154270
       31.136517       31.131947       31.114191       31.091864       31.069532
       31.047197       31.024858       31.002516       30.980169       30.957821
       30.935467       30.913109       30.890747       30.868382       30.846010
       33.335590       33.313141       33.290699       33.268265       33.245834
       33.223412       33.200993       33.178581       33.156174       33.133774
       33.111382       33.088989       33.066608       33.044228       33.021854
       32.999485       32.977123       32.954762       32.932407       32.936733
       32.914383       32.892040       32.869701       32.847366       32.825035
       32.802708       32.780384       32.758064       32.735748       32.713436
       32.691128       32.668823       32.646523       32.624226       32.601933
       32.579639       32.557350       32.535065       32.512783       32.490501
       32.494843       32.472565       32.450294       32.428020       32.405754
       32.383484       32.361221       32.338959       32.316696       32.294437
       32.272182       32.249928       32.227673       32.205421       32.183170
       32.160919       32.138672       32.116425       32.094177       32.071930
       32.049686       32.054043       32.031799       32.009556       31.987314
       31.965073       31.942831       31.920591       31.898350       31.876108
       31.853867       31.831625       31.809383       31.787142       31.764900
       31.742657       31.720413       31.698168       31.675922       31.653675
       31.631428       31.635803       31.613556       31.591307       31.569056
       31.546804       31.524551       31.502298       31.480042       31.457783
       31.435522       31.413261       31.390997       31.368729       31.346460
       31.324190       31.301916       31.279638       31.257360       31.235077
       31.217186       31.212793       31.194899       31.172609       31.150316
       31.128021       31.105721       31.083418       31.061111       31.038801
       31.016487       30.994169       30.971848       30.949520       30.927191
       33.322636       33.300186       33.277740       33.255302       33.232872
       33.210445       33.188023       33.165611       33.143200       33.120796
       33.098400       33.076008       33.053619       33.031239       33.008862
       32.986492       32.964123       32.941761       32.919403       32.923744
       32.901394       32.879044       32.856701       32.834366       32.812031
       32.789700       32.767372       32.745052       32.722733       32.700417
       32.678104       32.655800       32.633495       32.611191       32.588894
       32.566601       32.544308       32.522018       32.499733       32.477451
       32.481808       32.459526       32.437248       32.414974       32.392704
       32.370434       32.348164       32.325897       32.303635       32.281372
       32.259109       32.236851       32.214596       32.192337       32.170082
       32.147831       32.125580       32.103325       32.081078       32.058826
       32.036579       32.040955       32.018707       31.996460       31.974215
       31.951969       31.929724       31.907478       31.885235       31.862989
       31.840744       31.818499       31.796253       31.774008       31.751760
       31.729513       31.707266       31.685017       31.662767       31.640516
       31.618265       31.622660       31.600409       31.578156       31.555901
       31.533646       31.511389       31.489130       31.466869       31.444607
       31.422342       31.400076       31.377808       31.355536       31.333263
       31.310987       31.288708       31.266428       31.244144       31.221857
       31.203983       31.199568       31.181692       31.159399       31.137102
       31.114801       31.092497       31.070189       31.047878       31.025562
       31.003242       30.980921       30.958593       30.936262       30.913927
       33.212688       33.190220       33.167755       33.145298       33.122845
       33.100399       33.077957       33.055523       33.033092       33.010670
       32.988247       32.965836       32.943424       32.921021       32.898624
       32.876228       32.853840       32.831455       32.809074       32.813526
       32.791149       32.768780       32.746414       32.724052       32.701694
       32.679340       32.656990       32.634644       32.612297       32.589958
       32.567623       32.545288       32.522961       32.500633       32.478306
       32.455986       32.433666       32.411350       32.389038       32.366726
       32.371208       32.348904       32.326599       32.304295       32.281994
       32.259697       32.237400       32.215107       32.192814       32.170521
       32.148232       32.125942       32.103657       32.081367       32.059082
       32.036800       32.014515       31.992233       31.969952       31.947672
       31.925390       31.929903       31.907623       31.885345       31.863068
       31.840790       31.818512       31.796234       31.773956       31.751678
       31.729399       31.707121       31.684841       31.662560       31.640278
       31.617996       31.595713       31.573429       31.551144       31.528856
       31.506569       31.511112       31.488825       31.466536       31.444244
       31.421951       31.399658       31.377361       31.355062       31.332764
       31.310461       31.288155       31.265848       31.243538       31.221226
       31.198910       31.176592       31.154270       31.131947       31.109619
       31.091864       31.087288       31.069532       31.047197       31.024858
       31.002516       30.980169       30.957821       30.935467       30.913109
       30.890747       30.868382       30.846010       30.823635       30.801256
       33.199387       33.176914       33.154446       33.131981       33.109524
       33.087070       33.064625       33.042187       33.019753       32.997322
       32.974895       32.952477       32.930065       32.907654       32.885250
       32.862850       32.840458       32.818066       32.795681       32.800152
       32.777771       32.755394       32.733025       32.710655       32.688293
       32.665932       32.643578       32.621223       32.598877       32.576530
       32.554188       32.531849       32.509514       32.487183       32.464851
       32.442524       32.420200       32.397881       32.375561       32.353245
       32.357746       32.335434       32.313122       32.290813       32.268509
       32.246204       32.223904       32.201603       32.179306       32.157009
       32.134712       32.112419       32.090126       32.067833       32.045540
       32.023251       32.000961       31.978674       31.956387       31.934099
       31.911812       31.916346       31.894062       31.871777       31.849493
       31.827209       31.804926       31.782642       31.760359       31.738073
       31.715788       31.693504       31.671217       31.648932       31.626644
       31.604355       31.582066       31.559774       31.537483       31.515190
       31.492895       31.497461       31.475168       31.452873       31.430574
       31.408278       31.385977       31.363674       31.341368       31.319061
       31.296753       31.274441       31.252127       31.229811       31.207491
       31.185169       31.162844       31.140516       31.118185       31.095852
       31.078114       31.073513       31.055775       31.033434       31.011087
       30.988739       30.966387       30.944029       30.921669       30.899303
       30.876934       30.854561       30.832184       30.809803       30.787416
       33.255302       33.232872       33.210445       33.188023       33.165611
       33.143200       33.120796       33.098400       33.076008       33.053619
       33.031239       33.008862       32.986492       32.964123       32.941761
       32.919403       32.897053       32.874702       32.852360       32.856701
       32.834366       32.812031       32.789700       32.767372       32.745052
       32.722733       32.700417       32.678104       32.655800       32.633495
       32.611191       32.588894       32.566601       32.544308       32.522018
       32.499733       32.477451       32.455170       32.432892       32.410614
       32.414974       32.392704       32.370434       32.348164       32.325897
       32.303635       32.281372       32.259109       32.236851       32.214596
       32.192337       32.170082       32.147831       32.125580       32.103325
       32.081078       32.058826       32.036579       32.014328       31.992083
       31.969835       31.974215       31.951969       31.929724       31.907478
       31.885235       31.862989       31.840744       31.818499       31.796253
       31.774008       31.751760       31.729513       31.707266       31.685017
       31.662767       31.640516       31.618265       31.596012       31.573757
       31.551502       31.555901       31.533646       31.511389       31.489130
       31.466869       31.444607       31.422342       31.400076       31.377808
       31.355536       31.333263       31.310987       31.288708       31.266428
       31.244144       31.221857       31.199568       31.177275       31.154980
       31.137102       31.132681       31.114801       31.092497       31.070189
       31.047878       31.025562       31.003242       30.980921       30.958593
       30.936262       30.913927       30.891588       30.869244       30.846895
       33.246639       33.224205       33.201775       33.179356       33.156937
       33.134525       33.112122       33.089722       33.067326       33.044937
       33.022552       33.000175       32.977802       32.955433       32.933067
       32.910709       32.888351       32.866001       32.843655       32.848011
       32.825668       32.803333       32.781002       32.758671       32.736347
       32.714027       32.691708       32.669395       32.647087       32.624779
       32.602474       32.580173       32.557877       32.535583       32.513290
       32.491005       32.468719       32.446434       32.424152       32.401875
       32.406246       32.383972       32.361702       32.339428       32.317162
       32.294895       32.272629       32.250366       32.228104       32.205845
       32.183586       32.161327       32.139072       32.116817       32.094563
       32.072311       32.050060       32.027805       32.005558       31.983307
       31.961056       31.965448       31.943201       31.920954       31.898705
       31.876457       31.854210       31.831963       31.809713       31.787466
       31.765217       31.742968       31.720716       31.698467       31.676214
       31.653963       31.631708       31.609453       31.587198       31.564941
       31.542683       31.547096       31.524837       31.502577       31.480316
       31.458052       31.435787       31.413519       31.391249       31.368979
       31.346704       31.324427       31.302149       31.279867       31.257582
       31.235296       31.213005       31.190714       31.168417       31.146118
       31.128252       31.123816       31.105947       31.083641       31.061331
       31.039015       31.016697       30.994375       30.972050       30.949718
       30.927383       30.905046       30.882704       30.860355       30.838003
       33.131981       33.109524       33.087070       33.064625       33.042187
       33.019753       32.997322       32.974895       32.952477       32.930065
       32.907654       32.885250       32.862850       32.840458       32.818066
       32.795681       32.773300       32.750919       32.728546       32.733025
       32.710655       32.688293       32.665932       32.643578       32.621223
       32.598877       32.576530       32.554188       32.531849       32.509514
       32.487183       32.464851       32.442524       32.420200       32.397881
       32.375561       32.353245       32.330929       32.308620       32.286308
       32.290813       32.268509       32.246204       32.223904       32.201603
       32.179306       32.157009       32.134712       32.112419       32.090126
       32.067833       32.045540       32.023251       32.000961       31.978674
       31.956387       31.934099       31.911812       31.889526       31.867241
       31.844954       31.849493       31.827209       31.804926       31.782642
       31.760359       31.738073       31.715788       31.693504       31.671217
       31.648932       31.626644       31.604355       31.582066       31.559774
       31.537483       31.515190       31.492895       31.470600       31.448303
       31.426004       31.430574       31.408278       31.385977       31.363674
       31.341368       31.319061       31.296753       31.274441       31.252127
       31.229811       31.207491       31.185169       31.162844       31.140516
       31.118185       31.095852       31.073513       31.051172       31.028830
       31.011087       31.006481       30.988739       30.966387       30.944029
       30.921669       30.899303       30.876934       30.854561       30.832184
       30.809803       30.787416       30.765024       30.742628       30.720228
       33.201775       33.179356       33.156937       33.134525       33.112122
       33.089722       33.067326       33.044937       33.022552       33.000175
       32.977802       32.955433       32.933067       32.910709       32.888351
       32.866001       32.843655       32.821316       32.798977       32.803333
       32.781002       32.758671       32.736347       32.714027       32.691708
       32.669395       32.647087       32.624779       32.602474       32.580173
       32.557877       32.535583       32.513290       32.491005       32.468719
       32.446434       32.424152       32.401875       32.379601       32.357327
       32.361702       32.339428       32.317162       32.294895       32.272629
       32.250366       32.228104       32.205845       32.183586       32.161327
       32.139072       32.116817       32.094563       32.072311       32.050060
       32.027805       32.005558       31.983307       31.961056       31.938807
       31.916557       31.920954       31.898705       31.876457       31.854210
       31.831963       31.809713       31.787466       31.765217       31.742968
       31.720716       31.698467       31.676214       31.653963       31.631708
       31.609453       31.587198       31.564941       31.542683       31.520422
       31.498161       31.502577       31.480316       31.458052       31.435787
       31.413519       31.391249       31.368979       31.346704       31.324427
       31.302149       31.279867       31.257582       31.235296       31.213005
       31.190714       31.168417       31.146118       31.123816       31.101511
       31.083641       31.079201       31.061331       31.039015       31.016697
       30.994375       30.972050       30.949718       30.927383       30.905046
       30.882704       30.860355       30.838003       30.815647       30.793285
       33.188736       33.166309       33.143890       33.121475       33.099068
       33.076664       33.054268       33.031876       33.009487       32.987103
       32.964725       32.942352       32.919987       32.897621       32.875263
       32.852909       32.830559       32.808216       32.785873       32.790245
       32.767910       32.745579       32.723251       32.700924       32.678604
       32.656288       32.633972       32.611664       32.589355       32.567051
       32.544750       32.522453       32.500156       32.477863       32.455574
       32.433289       32.411003       32.388721       32.366440       32.344162
       32.348557       32.326283       32.304008       32.281738       32.259468
       32.237202       32.214935       32.192673       32.170410       32.148148
       32.125889       32.103630       32.081371       32.059113       32.036858
       32.014603       31.992346       31.970093       31.947838       31.925585
       31.903330       31.907745       31.885494       31.863241       31.840990
       31.818737       31.796486       31.774233       31.751980       31.729725
       31.707470       31.685215       31.662960       31.640701       31.618444
       31.596184       31.573925       31.551662       31.529400       31.507133
       31.484867       31.489305       31.467039       31.444771       31.422501
       31.400229       31.377954       31.355679       31.333399       31.311117
       31.288834       31.266548       31.244259       31.221966       31.199671
       31.177374       31.155073       31.132769       31.110462       31.088150
       31.070299       31.065836       31.047983       31.025663       31.003340
       30.981012       30.958681       30.936346       30.914007       30.891663
       30.869314       30.846962       30.824604       30.802242       30.779875
       33.087070       33.064625       33.042187       33.019753       32.997322
       32.974895       32.952477       32.930065       32.907654       32.885250
       32.862850       32.840458       32.818066       32.795681       32.773300
       32.750919       32.728546       32.706181       32.683815       32.688293
       32.665932       32.643578       32.621223       32.598877       32.576530
       32.554188       32.531849       32.509514       32.487183       32.464851
       32.442524       32.420200       32.397881       32.375561       32.353245
       32.330929       32.308620       32.286308       32.264000       32.241695
       32.246204       32.223904       32.201603       32.179306       32.157009
       32.134712       32.112419       32.090126       32.067833       32.045540
       32.023251       32.000961       31.978674       31.956387       31.934099
       31.911812       31.889526       31.867241       31.844954       31.822668
       31.800383       31.804926       31.782642       31.760359       31.738073
       31.715788       31.693504       31.671217       31.648932       31.626644
       31.604355       31.582066       31.559774       31.537483       31.515190
       31.492895       31.470600       31.448303       31.426004       31.403702
       31.381399       31.385977       31.363674       31.341368       31.319061
       31.296753       31.274441       31.252127       31.229811       31.207491
       31.185169       31.162844       31.140516       31.118185       31.095852
       31.073513       31.051172       31.028830       31.006481       30.984129
       30.966387       30.961775       30.944029       30.921669       30.899303
       30.876934       30.854561       30.832184       30.809803       30.787416
       30.765024       30.742628       30.720228       30.697823       30.675411
       33.125832       33.103424       33.081020       33.058624       33.036232
       33.013847       32.991467       32.969090       32.946720       32.924351
       32.901989       32.879631       32.857281       32.834930       32.812588
       32.790245       32.767910       32.745579       32.723251       32.727623
       32.705299       32.682980       32.660664       32.638351       32.616039
       32.593735       32.571430       32.549133       32.526836       32.504543
       32.482250       32.459961       32.437675       32.415394       32.393112
       32.370834       32.348557       32.326283       32.304008       32.281738
       32.286129       32.263863       32.241596       32.219334       32.197071
       32.174809       32.152550       32.130291       32.108032       32.085773
       32.063519       32.041264       32.019009       31.996756       31.974503
       31.952251       31.929998       31.907745       31.885494       31.863241
       31.840990       31.845404       31.823153       31.800901       31.778650
       31.756399       31.734146       31.711893       31.689640       31.667385
       31.645130       31.622873       31.600615       31.578356       31.556095
       31.533834       31.511572       31.489305       31.467039       31.444771
       31.422501       31.426937       31.404667       31.382393       31.360119
       31.337841       31.315561       31.293280       31.270994       31.248707
       31.226418       31.204124       31.181828       31.159529       31.137226
       31.114922       31.092611       31.070299       31.047983       31.025663
       31.007801       31.003340       30.985476       30.963146       30.940811
       30.918474       30.896132       30.873785       30.851435       30.829079
       30.806719       30.784353       30.761984       30.739609       30.717230
