      -116.32899      -116.33485      -116.34071      -116.34657      -116.35241
      -116.35824      -116.36407      -116.36988      -116.37569      -116.38148
      -116.38727      -116.39304      -116.39882      -116.40458      -116.41032
      -116.41607      -116.42181      -116.42753      -116.43325      -116.46027
      -116.46596      -116.47165      -116.47733      -116.48300      -116.48866
      -116.49432      -116.49997      -116.50561      -116.51124      -116.51685
      -116.52247      -116.52808      -116.53368      -116.53926      -116.54485
      -116.55042      -116.55598      -116.56154      -116.56709      -116.57263
      -116.59943      -116.60496      -116.61047      -116.61598      -116.62149
      -116.62698      -116.63247      -116.63795      -116.64342      -116.64888
      -116.65434      -116.65979      -116.66523      -116.67066      -116.67609
      -116.68151      -116.68693      -116.69233      -116.69773      -116.70313
      -116.70850      -116.73512      -116.74049      -116.74585      -116.75120
      -116.75655      -116.76189      -116.76723      -116.77255      -116.77787
      -116.78319      -116.78850      -116.79380      -116.79909      -116.80438
      -116.80966      -116.81493      -116.82021      -116.82546      -116.83072
      -116.83597      -116.86241      -116.86765      -116.87288      -116.87810
      -116.88332      -116.88853      -116.89373      -116.89893      -116.90412
      -116.90930      -116.91448      -116.91965      -116.92483      -116.92999
      -116.93514      -116.94029      -116.94543      -116.95058      -116.95571
      -116.98713      -116.96083      -116.99225      -116.99735      -117.00246
      -117.00755      -117.01264      -117.01773      -117.02281      -117.02789
      -117.03296      -117.03802      -117.04308      -117.04813      -117.05318
      -116.25908      -116.26496      -116.27084      -116.27671      -116.28257
      -116.28841      -116.29426      -116.30009      -116.30591      -116.31172
      -116.31752      -116.32332      -116.32910      -116.33488      -116.34064
      -116.34641      -116.35216      -116.35789      -116.36362      -116.39064
      -116.39635      -116.40206      -116.40775      -116.41344      -116.41912
      -116.42479      -116.43045      -116.43610      -116.44175      -116.44739
      -116.45301      -116.45863      -116.46425      -116.46985      -116.47545
      -116.48103      -116.48661      -116.49219      -116.49775      -116.50330
      -116.53011      -116.53564      -116.54118      -116.54670      -116.55222
      -116.55772      -116.56322      -116.56871      -116.57420      -116.57967
      -116.58514      -116.59061      -116.59606      -116.60151      -116.60695
      -116.61238      -116.61781      -116.62322      -116.62864      -116.63404
      -116.63943      -116.66605      -116.67143      -116.67680      -116.68217
      -116.68753      -116.69289      -116.69823      -116.70357      -116.70890
      -116.71423      -116.71955      -116.72486      -116.73016      -116.73547
      -116.74076      -116.74604      -116.75132      -116.75660      -116.76186
      -116.76712      -116.79357      -116.79882      -116.80405      -116.80929
      -116.81451      -116.81973      -116.82495      -116.83015      -116.83536
      -116.84055      -116.84575      -116.85093      -116.85611      -116.86127
      -116.86644      -116.87160      -116.87675      -116.88190      -116.88705
      -116.91849      -116.89218      -116.92361      -116.92873      -116.93384
      -116.93894      -116.94405      -116.94913      -116.95422      -116.95931
      -116.96439      -116.96946      -116.97453      -116.97959      -116.98465
      -116.27671      -116.28257      -116.28841      -116.29426      -116.30009
      -116.30591      -116.31172      -116.31752      -116.32332      -116.32910
      -116.33488      -116.34064      -116.34641      -116.35216      -116.35789
      -116.36362      -116.36935      -116.37506      -116.38077      -116.40775
      -116.41344      -116.41912      -116.42479      -116.43045      -116.43610
      -116.44175      -116.44739      -116.45301      -116.45863      -116.46425
      -116.46985      -116.47545      -116.48103      -116.48661      -116.49219
      -116.49775      -116.50330      -116.50885      -116.51439      -116.51993
      -116.54670      -116.55222      -116.55772      -116.56322      -116.56871
      -116.57420      -116.57967      -116.58514      -116.59061      -116.59606
      -116.60151      -116.60695      -116.61238      -116.61781      -116.62322
      -116.62864      -116.63404      -116.63943      -116.64483      -116.65021
      -116.65559      -116.68217      -116.68753      -116.69289      -116.69823
      -116.70357      -116.70890      -116.71423      -116.71955      -116.72486
      -116.73016      -116.73547      -116.74076      -116.74604      -116.75132
      -116.75660      -116.76186      -116.76712      -116.77238      -116.77763
      -116.78286      -116.80929      -116.81451      -116.81973      -116.82495
      -116.83015      -116.83536      -116.84055      -116.84575      -116.85093
      -116.85611      -116.86127      -116.86644      -116.87160      -116.87675
      -116.88190      -116.88705      -116.89218      -116.89731      -116.90244
      -116.93384      -116.90755      -116.93894      -116.94405      -116.94913
      -116.95422      -116.95931      -116.96439      -116.96946      -116.97453
      -116.97959      -116.98465      -116.98970      -116.99474      -116.99978
      -116.28841      -116.29426      -116.30009      -116.30591      -116.31172
      -116.31752      -116.32332      -116.32910      -116.33488      -116.34064
      -116.34641      -116.35216      -116.35789      -116.36362      -116.36935
      -116.37506      -116.38077      -116.38647      -116.39216      -116.41912
      -116.42479      -116.43045      -116.43610      -116.44175      -116.44739
      -116.45301      -116.45863      -116.46425      -116.46985      -116.47545
      -116.48103      -116.48661      -116.49219      -116.49775      -116.50330
      -116.50885      -116.51439      -116.51993      -116.52545      -116.53097
      -116.55772      -116.56322      -116.56871      -116.57420      -116.57967
      -116.58514      -116.59061      -116.59606      -116.60151      -116.60695
      -116.61238      -116.61781      -116.62322      -116.62864      -116.63404
      -116.63943      -116.64483      -116.65021      -116.65559      -116.66096
      -116.66631      -116.69289      -116.69823      -116.70357      -116.70890
      -116.71423      -116.71955      -116.72486      -116.73016      -116.73547
      -116.74076      -116.74604      -116.75132      -116.75660      -116.76186
      -116.76712      -116.77238      -116.77763      -116.78286      -116.78810
      -116.79333      -116.81973      -116.82495      -116.83015      -116.83536
      -116.84055      -116.84575      -116.85093      -116.85611      -116.86127
      -116.86644      -116.87160      -116.87675      -116.88190      -116.88705
      -116.89218      -116.89731      -116.90244      -116.90755      -116.91267
      -116.94405      -116.91778      -116.94913      -116.95422      -116.95931
      -116.96439      -116.96946      -116.97453      -116.97959      -116.98465
      -116.98970      -116.99474      -116.99978      -117.00481      -117.00985
      -116.30591      -116.31172      -116.31752      -116.32332      -116.32910
      -116.33488      -116.34064      -116.34641      -116.35216      -116.35789
      -116.36362      -116.36935      -116.37506      -116.38077      -116.38647
      -116.39216      -116.39783      -116.40351      -116.40917      -116.43610
      -116.44175      -116.44739      -116.45301      -116.45863      -116.46425
      -116.46985      -116.47545      -116.48103      -116.48661      -116.49219
      -116.49775      -116.50330      -116.50885      -116.51439      -116.51993
      -116.52545      -116.53097      -116.53648      -116.54198      -116.54747
      -116.57420      -116.57967      -116.58514      -116.59061      -116.59606
      -116.60151      -116.60695      -116.61238      -116.61781      -116.62322
      -116.62864      -116.63404      -116.63943      -116.64483      -116.65021
      -116.65559      -116.66096      -116.66631      -116.67167      -116.67702
      -116.68236      -116.70890      -116.71423      -116.71955      -116.72486
      -116.73016      -116.73547      -116.74076      -116.74604      -116.75132
      -116.75660      -116.76186      -116.76712      -116.77238      -116.77763
      -116.78286      -116.78810      -116.79333      -116.79855      -116.80376
      -116.80898      -116.83536      -116.84055      -116.84575      -116.85093
      -116.85611      -116.86127      -116.86644      -116.87160      -116.87675
      -116.88190      -116.88705      -116.89218      -116.89731      -116.90244
      -116.90755      -116.91267      -116.91778      -116.92287      -116.92797
      -116.95931      -116.93306      -116.96439      -116.96946      -116.97453
      -116.97959      -116.98465      -116.98970      -116.99474      -116.99978
      -117.00481      -117.00985      -117.01487      -117.01989      -117.02490
      -116.31752      -116.32332      -116.32910      -116.33488      -116.34064
      -116.34641      -116.35216      -116.35789      -116.36362      -116.36935
      -116.37506      -116.38077      -116.38647      -116.39216      -116.39783
      -116.40351      -116.40917      -116.41483      -116.42047      -116.44739
      -116.45301      -116.45863      -116.46425      -116.46985      -116.47545
      -116.48103      -116.48661      -116.49219      -116.49775      -116.50330
      -116.50885      -116.51439      -116.51993      -116.52545      -116.53097
      -116.53648      -116.54198      -116.54747      -116.55296      -116.55843
      -116.58514      -116.59061      -116.59606      -116.60151      -116.60695
      -116.61238      -116.61781      -116.62322      -116.62864      -116.63404
      -116.63943      -116.64483      -116.65021      -116.65559      -116.66096
      -116.66631      -116.67167      -116.67702      -116.68236      -116.68769
      -116.69302      -116.71955      -116.72486      -116.73016      -116.73547
      -116.74076      -116.74604      -116.75132      -116.75660      -116.76186
      -116.76712      -116.77238      -116.77763      -116.78286      -116.78810
      -116.79333      -116.79855      -116.80376      -116.80898      -116.81418
      -116.81937      -116.84575      -116.85093      -116.85611      -116.86127
      -116.86644      -116.87160      -116.87675      -116.88190      -116.88705
      -116.89218      -116.89731      -116.90244      -116.90755      -116.91267
      -116.91778      -116.92287      -116.92797      -116.93306      -116.93815
      -116.96946      -116.94322      -116.97453      -116.97959      -116.98465
      -116.98970      -116.99474      -116.99978      -117.00481      -117.00985
      -117.01487      -117.01989      -117.02490      -117.02991      -117.03491
      -116.33488      -116.34064      -116.34641      -116.35216      -116.35789
      -116.36362      -116.36935      -116.37506      -116.38077      -116.38647
      -116.39216      -116.39783      -116.40351      -116.40917      -116.41483
      -116.42047      -116.42611      -116.43174      -116.43736      -116.46425
      -116.46985      -116.47545      -116.48103      -116.48661      -116.49219
      -116.49775      -116.50330      -116.50885      -116.51439      -116.51993
      -116.52545      -116.53097      -116.53648      -116.54198      -116.54747
      -116.55296      -116.55843      -116.56390      -116.56937      -116.57483
      -116.60151      -116.60695      -116.61238      -116.61781      -116.62322
      -116.62864      -116.63404      -116.63943      -116.64483      -116.65021
      -116.65559      -116.66096      -116.66631      -116.67167      -116.67702
      -116.68236      -116.68769      -116.69302      -116.69834      -116.70365
      -116.70896      -116.73547      -116.74076      -116.74604      -116.75132
      -116.75660      -116.76186      -116.76712      -116.77238      -116.77763
      -116.78286      -116.78810      -116.79333      -116.79855      -116.80376
      -116.80898      -116.81418      -116.81937      -116.82456      -116.82975
      -116.83492      -116.86127      -116.86644      -116.87160      -116.87675
      -116.88190      -116.88705      -116.89218      -116.89731      -116.90244
      -116.90755      -116.91267      -116.91778      -116.92287      -116.92797
      -116.93306      -116.93815      -116.94322      -116.94830      -116.95337
      -116.98465      -116.95843      -116.98970      -116.99474      -116.99978
      -117.00481      -117.00985      -117.01487      -117.01989      -117.02490
      -117.02991      -117.03491      -117.03992      -117.04491      -117.04990
      -115.87929      -115.88523      -115.89117      -115.89709      -115.90302
      -115.90893      -115.91483      -115.92072      -115.92660      -115.93246
      -115.93832      -115.94418      -115.95002      -115.95586      -115.96168
      -115.96749      -115.97330      -115.97910      -115.98488      -116.01190
      -116.01767      -116.02343      -116.02918      -116.03492      -116.04065
      -116.04638      -116.05209      -116.05780      -116.06349      -116.06918
      -116.07487      -116.08054      -116.08620      -116.09186      -116.09750
      -116.10314      -116.10876      -116.11439      -116.12000      -116.12561
      -116.15242      -116.15801      -116.16359      -116.16916      -116.17472
      -116.18027      -116.18582      -116.19136      -116.19689      -116.20242
      -116.20793      -116.21344      -116.21894      -116.22443      -116.22992
      -116.23540      -116.24087      -116.24632      -116.25178      -116.25723
      -116.26266      -116.28930      -116.29472      -116.30014      -116.30555
      -116.31094      -116.31635      -116.32173      -116.32711      -116.33248
      -116.33784      -116.34320      -116.34856      -116.35390      -116.35924
      -116.36457      -116.36989      -116.37521      -116.38052      -116.38582
      -116.39111      -116.41759      -116.42287      -116.42815      -116.43341
      -116.43867      -116.44393      -116.44918      -116.45442      -116.45966
      -116.46488      -116.47011      -116.47533      -116.48053      -116.48573
      -116.49093      -116.49612      -116.50130      -116.50648      -116.51166
      -116.54316      -116.51682      -116.54831      -116.55346      -116.55859
      -116.56373      -116.56886      -116.57398      -116.57910      -116.58421
      -116.58932      -116.59441      -116.59950      -116.60459      -116.60967
      -116.37345      -116.37920      -116.38493      -116.39064      -116.39635
      -116.40206      -116.40775      -116.41344      -116.41912      -116.42479
      -116.43045      -116.43610      -116.44175      -116.44739      -116.45301
      -116.45863      -116.46425      -116.46985      -116.47545      -116.50230
      -116.50787      -116.51344      -116.51900      -116.52456      -116.53011
      -116.53564      -116.54118      -116.54670      -116.55222      -116.55772
      -116.56322      -116.56871      -116.57420      -116.57967      -116.58514
      -116.59061      -116.59606      -116.60151      -116.60695      -116.61238
      -116.63904      -116.64445      -116.64986      -116.65527      -116.66066
      -116.66605      -116.67143      -116.67680      -116.68217      -116.68753
      -116.69289      -116.69823      -116.70357      -116.70890      -116.71423
      -116.71955      -116.72486      -116.73016      -116.73547      -116.74076
      -116.74604      -116.77252      -116.77779      -116.78306      -116.78832
      -116.79357      -116.79882      -116.80405      -116.80929      -116.81451
      -116.81973      -116.82495      -116.83015      -116.83536      -116.84055
      -116.84575      -116.85093      -116.85611      -116.86127      -116.86644
      -116.87160      -116.89793      -116.90308      -116.90822      -116.91335
      -116.91849      -116.92361      -116.92873      -116.93384      -116.93894
      -116.94405      -116.94913      -116.95422      -116.95931      -116.96439
      -116.96946      -116.97453      -116.97959      -116.98465      -116.98970
      -117.02094      -116.99474      -117.02598      -117.03101      -117.03603
      -117.04105      -117.04606      -117.05106      -117.05607      -117.06107
      -117.06606      -117.07104      -117.07603      -117.08100      -117.08598
      -115.91837      -115.92428      -115.93018      -115.93608      -115.94197
      -115.94785      -115.95372      -115.95958      -115.96543      -115.97128
      -115.97710      -115.98293      -115.98874      -115.99454      -116.00034
      -116.00613      -116.01190      -116.01767      -116.02343      -116.05042
      -116.05616      -116.06189      -116.06761      -116.07333      -116.07903
      -116.08472      -116.09042      -116.09609      -116.10177      -116.10743
      -116.11308      -116.11873      -116.12436      -116.12999      -116.13561
      -116.14122      -116.14683      -116.15242      -116.15801      -116.16359
      -116.19038      -116.19594      -116.20149      -116.20704      -116.21258
      -116.21811      -116.22363      -116.22914      -116.23465      -116.24015
      -116.24564      -116.25112      -116.25660      -116.26207      -116.26753
      -116.27298      -116.27843      -116.28387      -116.28930      -116.29472
      -116.30014      -116.32674      -116.33215      -116.33754      -116.34293
      -116.34830      -116.35368      -116.35904      -116.36440      -116.36975
      -116.37509      -116.38042      -116.38576      -116.39108      -116.39639
      -116.40170      -116.40701      -116.41230      -116.41759      -116.42287
      -116.42815      -116.45460      -116.45986      -116.46511      -116.47036
      -116.47560      -116.48083      -116.48607      -116.49129      -116.49651
      -116.50171      -116.50691      -116.51211      -116.51730      -116.52248
      -116.52766      -116.53284      -116.53800      -116.54316      -116.54831
      -116.57977      -116.55346      -116.58491      -116.59003      -116.59515
      -116.60027      -116.60538      -116.61049      -116.61559      -116.62068
      -116.62576      -116.63084      -116.63593      -116.64099      -116.64606
      -116.39064      -116.39635      -116.40206      -116.40775      -116.41344
      -116.41912      -116.42479      -116.43045      -116.43610      -116.44175
      -116.44739      -116.45301      -116.45863      -116.46425      -116.46985
      -116.47545      -116.48103      -116.48661      -116.49219      -116.51900
      -116.52456      -116.53011      -116.53564      -116.54118      -116.54670
      -116.55222      -116.55772      -116.56322      -116.56871      -116.57420
      -116.57967      -116.58514      -116.59061      -116.59606      -116.60151
      -116.60695      -116.61238      -116.61781      -116.62322      -116.62864
      -116.65527      -116.66066      -116.66605      -116.67143      -116.67680
      -116.68217      -116.68753      -116.69289      -116.69823      -116.70357
      -116.70890      -116.71423      -116.71955      -116.72486      -116.73016
      -116.73547      -116.74076      -116.74604      -116.75132      -116.75660
      -116.76186      -116.78832      -116.79357      -116.79882      -116.80405
      -116.80929      -116.81451      -116.81973      -116.82495      -116.83015
      -116.83536      -116.84055      -116.84575      -116.85093      -116.85611
      -116.86127      -116.86644      -116.87160      -116.87675      -116.88190
      -116.88705      -116.91335      -116.91849      -116.92361      -116.92873
      -116.93384      -116.93894      -116.94405      -116.94913      -116.95422
      -116.95931      -116.96439      -116.96946      -116.97453      -116.97959
      -116.98465      -116.98970      -116.99474      -116.99978      -117.00481
      -117.03603      -117.00985      -117.04105      -117.04606      -117.05106
      -117.05607      -117.06107      -117.06606      -117.07104      -117.07603
      -117.08100      -117.08598      -117.09094      -117.09591      -117.10086
      -115.93018      -115.93608      -115.94197      -115.94785      -115.95372
      -115.95958      -115.96543      -115.97128      -115.97710      -115.98293
      -115.98874      -115.99454      -116.00034      -116.00613      -116.01190
      -116.01767      -116.02343      -116.02918      -116.03492      -116.06189
      -116.06761      -116.07333      -116.07903      -116.08472      -116.09042
      -116.09609      -116.10177      -116.10743      -116.11308      -116.11873
      -116.12436      -116.12999      -116.13561      -116.14122      -116.14683
      -116.15242      -116.15801      -116.16359      -116.16916      -116.17472
      -116.20149      -116.20704      -116.21258      -116.21811      -116.22363
      -116.22914      -116.23465      -116.24015      -116.24564      -116.25112
      -116.25660      -116.26207      -116.26753      -116.27298      -116.27843
      -116.28387      -116.28930      -116.29472      -116.30014      -116.30555
      -116.31094      -116.33754      -116.34293      -116.34830      -116.35368
      -116.35904      -116.36440      -116.36975      -116.37509      -116.38042
      -116.38576      -116.39108      -116.39639      -116.40170      -116.40701
      -116.41230      -116.41759      -116.42287      -116.42815      -116.43341
      -116.43867      -116.46511      -116.47036      -116.47560      -116.48083
      -116.48607      -116.49129      -116.49651      -116.50171      -116.50691
      -116.51211      -116.51730      -116.52248      -116.52766      -116.53284
      -116.53800      -116.54316      -116.54831      -116.55346      -116.55859
      -116.59003      -116.56373      -116.59515      -116.60027      -116.60538
      -116.61049      -116.61559      -116.62068      -116.62576      -116.63084
      -116.63593      -116.64099      -116.64606      -116.65112      -116.65617
      -116.40206      -116.40775      -116.41344      -116.41912      -116.42479
      -116.43045      -116.43610      -116.44175      -116.44739      -116.45301
      -116.45863      -116.46425      -116.46985      -116.47545      -116.48103
      -116.48661      -116.49219      -116.49775      -116.50330      -116.53011
      -116.53564      -116.54118      -116.54670      -116.55222      -116.55772
      -116.56322      -116.56871      -116.57420      -116.57967      -116.58514
      -116.59061      -116.59606      -116.60151      -116.60695      -116.61238
      -116.61781      -116.62322      -116.62864      -116.63404      -116.63943
      -116.66605      -116.67143      -116.67680      -116.68217      -116.68753
      -116.69289      -116.69823      -116.70357      -116.70890      -116.71423
      -116.71955      -116.72486      -116.73016      -116.73547      -116.74076
      -116.74604      -116.75132      -116.75660      -116.76186      -116.76712
      -116.77238      -116.79882      -116.80405      -116.80929      -116.81451
      -116.81973      -116.82495      -116.83015      -116.83536      -116.84055
      -116.84575      -116.85093      -116.85611      -116.86127      -116.86644
      -116.87160      -116.87675      -116.88190      -116.88705      -116.89218
      -116.89731      -116.92361      -116.92873      -116.93384      -116.93894
      -116.94405      -116.94913      -116.95422      -116.95931      -116.96439
      -116.96946      -116.97453      -116.97959      -116.98465      -116.98970
      -116.99474      -116.99978      -117.00481      -117.00985      -117.01487
      -117.04606      -117.01989      -117.05106      -117.05607      -117.06107
      -117.06606      -117.07104      -117.07603      -117.08100      -117.08598
      -117.09094      -117.09591      -117.10086      -117.10581      -117.11076
      -115.94197      -115.94785      -115.95372      -115.95958      -115.96543
      -115.97128      -115.97710      -115.98293      -115.98874      -115.99454
      -116.00034      -116.00613      -116.01190      -116.01767      -116.02343
      -116.02918      -116.03492      -116.04065      -116.04638      -116.07333
      -116.07903      -116.08472      -116.09042      -116.09609      -116.10177
      -116.10743      -116.11308      -116.11873      -116.12436      -116.12999
      -116.13561      -116.14122      -116.14683      -116.15242      -116.15801
      -116.16359      -116.16916      -116.17472      -116.18027      -116.18582
      -116.21258      -116.21811      -116.22363      -116.22914      -116.23465
      -116.24015      -116.24564      -116.25112      -116.25660      -116.26207
      -116.26753      -116.27298      -116.27843      -116.28387      -116.28930
      -116.29472      -116.30014      -116.30555      -116.31094      -116.31635
      -116.32173      -116.34830      -116.35368      -116.35904      -116.36440
      -116.36975      -116.37509      -116.38042      -116.38576      -116.39108
      -116.39639      -116.40170      -116.40701      -116.41230      -116.41759
      -116.42287      -116.42815      -116.43341      -116.43867      -116.44393
      -116.44918      -116.47560      -116.48083      -116.48607      -116.49129
      -116.49651      -116.50171      -116.50691      -116.51211      -116.51730
      -116.52248      -116.52766      -116.53284      -116.53800      -116.54316
      -116.54831      -116.55346      -116.55859      -116.56373      -116.56886
      -116.60027      -116.57398      -116.60538      -116.61049      -116.61559
      -116.62068      -116.62576      -116.63084      -116.63593      -116.64099
      -116.64606      -116.65112      -116.65617      -116.66122      -116.66625
      -115.86641      -115.87231      -115.87820      -115.88409      -115.88996
      -115.89583      -115.90168      -115.90752      -115.91336      -115.91919
      -115.92500      -115.93081      -115.93661      -115.94240      -115.94818
      -115.95396      -115.95972      -115.96547      -115.97121      -115.99818
      -116.00391      -116.00963      -116.01534      -116.02103      -116.02673
      -116.03241      -116.03809      -116.04375      -116.04941      -116.05505
      -116.06069      -116.06632      -116.07195      -116.07756      -116.08317
      -116.08877      -116.09436      -116.09994      -116.10551      -116.11108
      -116.13785      -116.14340      -116.14894      -116.15447      -116.16000
      -116.16552      -116.17103      -116.17653      -116.18202      -116.18751
      -116.19299      -116.19846      -116.20392      -116.20937      -116.21482
      -116.22026      -116.22570      -116.23112      -116.23654      -116.24195
      -116.24735      -116.27395      -116.27934      -116.28472      -116.29009
      -116.29546      -116.30082      -116.30617      -116.31152      -116.31686
      -116.32218      -116.32751      -116.33282      -116.33813      -116.34344
      -116.34874      -116.35403      -116.35931      -116.36459      -116.36986
      -116.37512      -116.40156      -116.40681      -116.41206      -116.41729
      -116.42252      -116.42774      -116.43296      -116.43817      -116.44337
      -116.44857      -116.45376      -116.45895      -116.46412      -116.46929
      -116.47446      -116.47962      -116.48477      -116.48992      -116.49506
      -116.52650      -116.50020      -116.53163      -116.53674      -116.54185
      -116.54696      -116.55206      -116.55715      -116.56224      -116.56732
      -116.57240      -116.57746      -116.58253      -116.58759      -116.59264
      -116.41912      -116.42479      -116.43045      -116.43610      -116.44175
      -116.44739      -116.45301      -116.45863      -116.46425      -116.46985
      -116.47545      -116.48103      -116.48661      -116.49219      -116.49775
      -116.50330      -116.50885      -116.51439      -116.51993      -116.54670
      -116.55222      -116.55772      -116.56322      -116.56871      -116.57420
      -116.57967      -116.58514      -116.59061      -116.59606      -116.60151
      -116.60695      -116.61238      -116.61781      -116.62322      -116.62864
      -116.63404      -116.63943      -116.64483      -116.65021      -116.65559
      -116.68217      -116.68753      -116.69289      -116.69823      -116.70357
      -116.70890      -116.71423      -116.71955      -116.72486      -116.73016
      -116.73547      -116.74076      -116.74604      -116.75132      -116.75660
      -116.76186      -116.76712      -116.77238      -116.77763      -116.78286
      -116.78810      -116.81451      -116.81973      -116.82495      -116.83015
      -116.83536      -116.84055      -116.84575      -116.85093      -116.85611
      -116.86127      -116.86644      -116.87160      -116.87675      -116.88190
      -116.88705      -116.89218      -116.89731      -116.90244      -116.90755
      -116.91267      -116.93894      -116.94405      -116.94913      -116.95422
      -116.95931      -116.96439      -116.96946      -116.97453      -116.97959
      -116.98465      -116.98970      -116.99474      -116.99978      -117.00481
      -117.00985      -117.01487      -117.01989      -117.02490      -117.02991
      -117.06107      -117.03491      -117.06606      -117.07104      -117.07603
      -117.08100      -117.08598      -117.09094      -117.09591      -117.10086
      -117.10581      -117.11076      -117.11571      -117.12064      -117.12558
      -115.88409      -115.88996      -115.89583      -115.90168      -115.90752
      -115.91336      -115.91919      -115.92500      -115.93081      -115.93661
      -115.94240      -115.94818      -115.95396      -115.95972      -115.96547
      -115.97121      -115.97695      -115.98268      -115.98840      -116.01534
      -116.02103      -116.02673      -116.03241      -116.03809      -116.04375
      -116.04941      -116.05505      -116.06069      -116.06632      -116.07195
      -116.07756      -116.08317      -116.08877      -116.09436      -116.09994
      -116.10551      -116.11108      -116.11664      -116.12218      -116.12773
      -116.15447      -116.16000      -116.16552      -116.17103      -116.17653
      -116.18202      -116.18751      -116.19299      -116.19846      -116.20392
      -116.20937      -116.21482      -116.22026      -116.22570      -116.23112
      -116.23654      -116.24195      -116.24735      -116.25275      -116.25814
      -116.26352      -116.29009      -116.29546      -116.30082      -116.30617
      -116.31152      -116.31686      -116.32218      -116.32751      -116.33282
      -116.33813      -116.34344      -116.34874      -116.35403      -116.35931
      -116.36459      -116.36986      -116.37512      -116.38038      -116.38563
      -116.39087      -116.41729      -116.42252      -116.42774      -116.43296
      -116.43817      -116.44337      -116.44857      -116.45376      -116.45895
      -116.46412      -116.46929      -116.47446      -116.47962      -116.48477
      -116.48992      -116.49506      -116.50020      -116.50533      -116.51044
      -116.54185      -116.51556      -116.54696      -116.55206      -116.55715
      -116.56224      -116.56732      -116.57240      -116.57746      -116.58253
      -116.58759      -116.59264      -116.59769      -116.60272      -116.60776
      -116.51124      -116.51685      -116.52247      -116.52808      -116.53368
      -116.53926      -116.54485      -116.55042      -116.55598      -116.56154
      -116.56709      -116.57263      -116.57817      -116.58369      -116.58921
      -116.59473      -116.60023      -116.60572      -116.61121      -116.63795
      -116.64342      -116.64888      -116.65434      -116.65979      -116.66523
      -116.67066      -116.67609      -116.68151      -116.68693      -116.69233
      -116.69773      -116.70313      -116.70850      -116.71388      -116.71925
      -116.72462      -116.72997      -116.73532      -116.74067      -116.74600
      -116.77255      -116.77787      -116.78319      -116.78850      -116.79380
      -116.79909      -116.80438      -116.80966      -116.81493      -116.82021
      -116.82546      -116.83072      -116.83597      -116.84121      -116.84645
      -116.85168      -116.85690      -116.86212      -116.86733      -116.87254
      -116.87774      -116.90412      -116.90930      -116.91448      -116.91965
      -116.92483      -116.92999      -116.93514      -116.94029      -116.94543
      -116.95058      -116.95571      -116.96083      -116.96596      -116.97107
      -116.97618      -116.98129      -116.98638      -116.99148      -116.99656
      -117.00164      -117.02789      -117.03296      -117.03802      -117.04308
      -117.04813      -117.05318      -117.05822      -117.06326      -117.06829
      -117.07332      -117.07834      -117.08336      -117.08836      -117.09338
      -117.09837      -117.10337      -117.10836      -117.11335      -117.11832
      -117.14942      -117.12331      -117.15439      -117.15935      -117.16431
      -117.16925      -117.17420      -117.17914      -117.18407      -117.18901
      -117.19393      -117.19885      -117.20377      -117.20869      -117.21359
      -115.89583      -115.90168      -115.90752      -115.91336      -115.91919
      -115.92500      -115.93081      -115.93661      -115.94240      -115.94818
      -115.95396      -115.95972      -115.96547      -115.97121      -115.97695
      -115.98268      -115.98840      -115.99410      -115.99981      -116.02673
      -116.03241      -116.03809      -116.04375      -116.04941      -116.05505
      -116.06069      -116.06632      -116.07195      -116.07756      -116.08317
      -116.08877      -116.09436      -116.09994      -116.10551      -116.11108
      -116.11664      -116.12218      -116.12773      -116.13326      -116.13879
      -116.16552      -116.17103      -116.17653      -116.18202      -116.18751
      -116.19299      -116.19846      -116.20392      -116.20937      -116.21482
      -116.22026      -116.22570      -116.23112      -116.23654      -116.24195
      -116.24735      -116.25275      -116.25814      -116.26352      -116.26890
      -116.27426      -116.30082      -116.30617      -116.31152      -116.31686
      -116.32218      -116.32751      -116.33282      -116.33813      -116.34344
      -116.34874      -116.35403      -116.35931      -116.36459      -116.36986
      -116.37512      -116.38038      -116.38563      -116.39087      -116.39610
      -116.40134      -116.42774      -116.43296      -116.43817      -116.44337
      -116.44857      -116.45376      -116.45895      -116.46412      -116.46929
      -116.47446      -116.47962      -116.48477      -116.48992      -116.49506
      -116.50020      -116.50533      -116.51044      -116.51556      -116.52068
      -116.55206      -116.52578      -116.55715      -116.56224      -116.56732
      -116.57240      -116.57746      -116.58253      -116.58759      -116.59264
      -116.59769      -116.60272      -116.60776      -116.61279      -116.61781
      -116.52808      -116.53368      -116.53926      -116.54485      -116.55042
      -116.55598      -116.56154      -116.56709      -116.57263      -116.57817
      -116.58369      -116.58921      -116.59473      -116.60023      -116.60572
      -116.61121      -116.61669      -116.62217      -116.62763      -116.65434
      -116.65979      -116.66523      -116.67066      -116.67609      -116.68151
      -116.68693      -116.69233      -116.69773      -116.70313      -116.70850
      -116.71388      -116.71925      -116.72462      -116.72997      -116.73532
      -116.74067      -116.74600      -116.75134      -116.75665      -116.76197
      -116.78850      -116.79380      -116.79909      -116.80438      -116.80966
      -116.81493      -116.82021      -116.82546      -116.83072      -116.83597
      -116.84121      -116.84645      -116.85168      -116.85690      -116.86212
      -116.86733      -116.87254      -116.87774      -116.88293      -116.88811
      -116.89330      -116.91965      -116.92483      -116.92999      -116.93514
      -116.94029      -116.94543      -116.95058      -116.95571      -116.96083
      -116.96596      -116.97107      -116.97618      -116.98129      -116.98638
      -116.99148      -116.99656      -117.00164      -117.00672      -117.01179
      -117.01685      -117.04308      -117.04813      -117.05318      -117.05822
      -117.06326      -117.06829      -117.07332      -117.07834      -117.08336
      -117.08836      -117.09338      -117.09837      -117.10337      -117.10836
      -117.11335      -117.11832      -117.12331      -117.12827      -117.13324
      -117.16431      -117.13820      -117.16925      -117.17420      -117.17914
      -117.18407      -117.18901      -117.19393      -117.19885      -117.20377
      -117.20869      -117.21359      -117.21850      -117.22340      -117.22829
      -115.91336      -115.91919      -115.92500      -115.93081      -115.93661
      -115.94240      -115.94818      -115.95396      -115.95972      -115.96547
      -115.97121      -115.97695      -115.98268      -115.98840      -115.99410
      -115.99981      -116.00550      -116.01118      -116.01685      -116.04375
      -116.04941      -116.05505      -116.06069      -116.06632      -116.07195
      -116.07756      -116.08317      -116.08877      -116.09436      -116.09994
      -116.10551      -116.11108      -116.11664      -116.12218      -116.12773
      -116.13326      -116.13879      -116.14431      -116.14982      -116.15532
      -116.18202      -116.18751      -116.19299      -116.19846      -116.20392
      -116.20937      -116.21482      -116.22026      -116.22570      -116.23112
      -116.23654      -116.24195      -116.24735      -116.25275      -116.25814
      -116.26352      -116.26890      -116.27426      -116.27962      -116.28497
      -116.29032      -116.31686      -116.32218      -116.32751      -116.33282
      -116.33813      -116.34344      -116.34874      -116.35403      -116.35931
      -116.36459      -116.36986      -116.37512      -116.38038      -116.38563
      -116.39087      -116.39610      -116.40134      -116.40656      -116.41177
      -116.41698      -116.44337      -116.44857      -116.45376      -116.45895
      -116.46412      -116.46929      -116.47446      -116.47962      -116.48477
      -116.48992      -116.49506      -116.50020      -116.50533      -116.51044
      -116.51556      -116.52068      -116.52578      -116.53088      -116.53597
      -116.56732      -116.54105      -116.57240      -116.57746      -116.58253
      -116.58759      -116.59264      -116.59769      -116.60272      -116.60776
      -116.61279      -116.61781      -116.62283      -116.62785      -116.63285
      -116.53926      -116.54485      -116.55042      -116.55598      -116.56154
      -116.56709      -116.57263      -116.57817      -116.58369      -116.58921
      -116.59473      -116.60023      -116.60572      -116.61121      -116.61669
      -116.62217      -116.62763      -116.63309      -116.63854      -116.66523
      -116.67066      -116.67609      -116.68151      -116.68693      -116.69233
      -116.69773      -116.70313      -116.70850      -116.71388      -116.71925
      -116.72462      -116.72997      -116.73532      -116.74067      -116.74600
      -116.75134      -116.75665      -116.76197      -116.76728      -116.77258
      -116.79909      -116.80438      -116.80966      -116.81493      -116.82021
      -116.82546      -116.83072      -116.83597      -116.84121      -116.84645
      -116.85168      -116.85690      -116.86212      -116.86733      -116.87254
      -116.87774      -116.88293      -116.88811      -116.89330      -116.89848
      -116.90364      -116.92999      -116.93514      -116.94029      -116.94543
      -116.95058      -116.95571      -116.96083      -116.96596      -116.97107
      -116.97618      -116.98129      -116.98638      -116.99148      -116.99656
      -117.00164      -117.00672      -117.01179      -117.01685      -117.02191
      -117.02697      -117.05318      -117.05822      -117.06326      -117.06829
      -117.07332      -117.07834      -117.08336      -117.08836      -117.09338
      -117.09837      -117.10337      -117.10836      -117.11335      -117.11832
      -117.12331      -117.12827      -117.13324      -117.13820      -117.14316
      -117.17420      -117.14811      -117.17914      -117.18407      -117.18901
      -117.19393      -117.19885      -117.20377      -117.20869      -117.21359
      -117.21850      -117.22340      -117.22829      -117.23318      -117.23807
      -116.45863      -116.46425      -116.46985      -116.47545      -116.48103
      -116.48661      -116.49219      -116.49775      -116.50330      -116.50885
      -116.51439      -116.51993      -116.52545      -116.53097      -116.53648
      -116.54198      -116.54747      -116.55296      -116.55843      -116.58514
      -116.59061      -116.59606      -116.60151      -116.60695      -116.61238
      -116.61781      -116.62322      -116.62864      -116.63404      -116.63943
      -116.64483      -116.65021      -116.65559      -116.66096      -116.66631
      -116.67167      -116.67702      -116.68236      -116.68769      -116.69302
      -116.71955      -116.72486      -116.73016      -116.73547      -116.74076
      -116.74604      -116.75132      -116.75660      -116.76186      -116.76712
      -116.77238      -116.77763      -116.78286      -116.78810      -116.79333
      -116.79855      -116.80376      -116.80898      -116.81418      -116.81937
      -116.82456      -116.85093      -116.85611      -116.86127      -116.86644
      -116.87160      -116.87675      -116.88190      -116.88705      -116.89218
      -116.89731      -116.90244      -116.90755      -116.91267      -116.91778
      -116.92287      -116.92797      -116.93306      -116.93815      -116.94322
      -116.94830      -116.97453      -116.97959      -116.98465      -116.98970
      -116.99474      -116.99978      -117.00481      -117.00985      -117.01487
      -117.01989      -117.02490      -117.02991      -117.03491      -117.03992
      -117.04491      -117.04990      -117.05488      -117.05985      -117.06483
      -117.09591      -117.06979      -117.10086      -117.10581      -117.11076
      -117.11571      -117.12064      -117.12558      -117.13051      -117.13543
      -117.14035      -117.14526      -117.15017      -117.15508      -117.15998
      -115.92500      -115.93081      -115.93661      -115.94240      -115.94818
      -115.95396      -115.95972      -115.96547      -115.97121      -115.97695
      -115.98268      -115.98840      -115.99410      -115.99981      -116.00550
      -116.01118      -116.01685      -116.02252      -116.02818      -116.05505
      -116.06069      -116.06632      -116.07195      -116.07756      -116.08317
      -116.08877      -116.09436      -116.09994      -116.10551      -116.11108
      -116.11664      -116.12218      -116.12773      -116.13326      -116.13879
      -116.14431      -116.14982      -116.15532      -116.16081      -116.16631
      -116.19299      -116.19846      -116.20392      -116.20937      -116.21482
      -116.22026      -116.22570      -116.23112      -116.23654      -116.24195
      -116.24735      -116.25275      -116.25814      -116.26352      -116.26890
      -116.27426      -116.27962      -116.28497      -116.29032      -116.29566
      -116.30099      -116.32751      -116.33282      -116.33813      -116.34344
      -116.34874      -116.35403      -116.35931      -116.36459      -116.36986
      -116.37512      -116.38038      -116.38563      -116.39087      -116.39610
      -116.40134      -116.40656      -116.41177      -116.41698      -116.42219
      -116.42738      -116.45376      -116.45895      -116.46412      -116.46929
      -116.47446      -116.47962      -116.48477      -116.48992      -116.49506
      -116.50020      -116.50533      -116.51044      -116.51556      -116.52068
      -116.52578      -116.53088      -116.53597      -116.54105      -116.54613
      -116.57746      -116.55122      -116.58253      -116.58759      -116.59264
      -116.59769      -116.60272      -116.60776      -116.61279      -116.61781
      -116.62283      -116.62785      -116.63285      -116.63786      -116.64285
      -115.84379      -115.84963      -115.85546      -115.86128      -115.86710
      -115.87289      -115.87868      -115.88447      -115.89024      -115.89601
      -115.90177      -115.90752      -115.91325      -115.91898      -115.92471
      -115.93042      -115.93613      -115.94182      -115.94750      -115.97440
      -115.98007      -115.98573      -115.99139      -115.99703      -116.00266
      -116.00829      -116.01391      -116.01952      -116.02512      -116.03071
      -116.03629      -116.04187      -116.04744      -116.05300      -116.05855
      -116.06409      -116.06963      -116.07516      -116.08068      -116.08619
      -116.11291      -116.11840      -116.12389      -116.12937      -116.13484
      -116.14030      -116.14577      -116.15121      -116.15665      -116.16209
      -116.16752      -116.17294      -116.17835      -116.18375      -116.18916
      -116.19454      -116.19993      -116.20530      -116.21067      -116.21603
      -116.22139      -116.24793      -116.25327      -116.25861      -116.26393
      -116.26925      -116.27456      -116.27986      -116.28516      -116.29045
      -116.29574      -116.30101      -116.30628      -116.31155      -116.31680
      -116.32205      -116.32730      -116.33253      -116.33776      -116.34299
      -116.34821      -116.37461      -116.37981      -116.38501      -116.39020
      -116.39539      -116.40057      -116.40574      -116.41090      -116.41606
      -116.42121      -116.42636      -116.43150      -116.43664      -116.44176
      -116.44688      -116.45200      -116.45712      -116.46222      -116.46732
      -116.49869      -116.47241      -116.50377      -116.50884      -116.51391
      -116.51897      -116.52403      -116.52908      -116.53413      -116.53917
      -116.54420      -116.54923      -116.55425      -116.55927      -116.56429
      -116.47545      -116.48103      -116.48661      -116.49219      -116.49775
      -116.50330      -116.50885      -116.51439      -116.51993      -116.52545
      -116.53097      -116.53648      -116.54198      -116.54747      -116.55296
      -116.55843      -116.56390      -116.56937      -116.57483      -116.60151
      -116.60695      -116.61238      -116.61781      -116.62322      -116.62864
      -116.63404      -116.63943      -116.64483      -116.65021      -116.65559
      -116.66096      -116.66631      -116.67167      -116.67702      -116.68236
      -116.68769      -116.69302      -116.69834      -116.70365      -116.70896
      -116.73547      -116.74076      -116.74604      -116.75132      -116.75660
      -116.76186      -116.76712      -116.77238      -116.77763      -116.78286
      -116.78810      -116.79333      -116.79855      -116.80376      -116.80898
      -116.81418      -116.81937      -116.82456      -116.82975      -116.83492
      -116.84010      -116.86644      -116.87160      -116.87675      -116.88190
      -116.88705      -116.89218      -116.89731      -116.90244      -116.90755
      -116.91267      -116.91778      -116.92287      -116.92797      -116.93306
      -116.93815      -116.94322      -116.94830      -116.95337      -116.95843
      -116.96349      -116.98970      -116.99474      -116.99978      -117.00481
      -117.00985      -117.01487      -117.01989      -117.02490      -117.02991
      -117.03491      -117.03992      -117.04491      -117.04990      -117.05488
      -117.05985      -117.06483      -117.06979      -117.07476      -117.07972
      -117.11076      -117.08467      -117.11571      -117.12064      -117.12558
      -117.13051      -117.13543      -117.14035      -117.14526      -117.15017
      -117.15508      -117.15998      -117.16487      -117.16976      -117.17465
      -116.42171      -116.42732      -116.43292      -116.43851      -116.44410
      -116.44968      -116.45524      -116.46080      -116.46635      -116.47189
      -116.47743      -116.48296      -116.48848      -116.49400      -116.49950
      -116.50500      -116.51048      -116.51597      -116.52144      -116.54814
      -116.55360      -116.55904      -116.56449      -116.56992      -116.57536
      -116.58078      -116.58619      -116.59160      -116.59700      -116.60239
      -116.60777      -116.61315      -116.61853      -116.62389      -116.62925
      -116.63460      -116.63995      -116.64528      -116.65061      -116.65594
      -116.68245      -116.68776      -116.69306      -116.69836      -116.70364
      -116.70893      -116.71420      -116.71947      -116.72473      -116.72999
      -116.73524      -116.74049      -116.74572      -116.75095      -116.75617
      -116.76139      -116.76660      -116.77181      -116.77701      -116.78220
      -116.78739      -116.81374      -116.81892      -116.82409      -116.82925
      -116.83440      -116.83955      -116.84470      -116.84984      -116.85497
      -116.86010      -116.86522      -116.87033      -116.87544      -116.88055
      -116.88564      -116.89073      -116.89582      -116.90090      -116.90598
      -116.91105      -116.93727      -116.94233      -116.94738      -116.95242
      -116.95747      -116.96250      -116.96754      -116.97256      -116.97758
      -116.98260      -116.98761      -116.99261      -116.99761      -117.00260
      -117.00759      -117.01258      -117.01756      -117.02253      -117.02750
      -117.05857      -117.03246      -117.06352      -117.06847      -117.07342
      -117.07835      -117.08329      -117.08822      -117.09315      -117.09806
      -117.10298      -117.10789      -117.11279      -117.11770      -117.12259
      -115.86128      -115.86710      -115.87289      -115.87868      -115.88447
      -115.89024      -115.89601      -115.90177      -115.90752      -115.91325
      -115.91898      -115.92471      -115.93042      -115.93613      -115.94182
      -115.94750      -115.95319      -115.95885      -115.96452      -115.99139
      -115.99703      -116.00266      -116.00829      -116.01391      -116.01952
      -116.02512      -116.03071      -116.03629      -116.04187      -116.04744
      -116.05300      -116.05855      -116.06409      -116.06963      -116.07516
      -116.08068      -116.08619      -116.09170      -116.09719      -116.10268
      -116.12937      -116.13484      -116.14030      -116.14577      -116.15121
      -116.15665      -116.16209      -116.16752      -116.17294      -116.17835
      -116.18375      -116.18916      -116.19454      -116.19993      -116.20530
      -116.21067      -116.21603      -116.22139      -116.22673      -116.23207
      -116.23740      -116.26393      -116.26925      -116.27456      -116.27986
      -116.28516      -116.29045      -116.29574      -116.30101      -116.30628
      -116.31155      -116.31680      -116.32205      -116.32730      -116.33253
      -116.33776      -116.34299      -116.34821      -116.35342      -116.35862
      -116.36382      -116.39020      -116.39539      -116.40057      -116.40574
      -116.41090      -116.41606      -116.42121      -116.42636      -116.43150
      -116.43664      -116.44176      -116.44688      -116.45200      -116.45712
      -116.46222      -116.46732      -116.47241      -116.47749      -116.48257
      -116.51391      -116.48765      -116.51897      -116.52403      -116.52908
      -116.53413      -116.53917      -116.54420      -116.54923      -116.55425
      -116.55927      -116.56429      -116.56929      -116.57429      -116.57928
      -116.43292      -116.43851      -116.44410      -116.44968      -116.45524
      -116.46080      -116.46635      -116.47189      -116.47743      -116.48296
      -116.48848      -116.49400      -116.49950      -116.50500      -116.51048
      -116.51597      -116.52144      -116.52691      -116.53237      -116.55904
      -116.56449      -116.56992      -116.57536      -116.58078      -116.58619
      -116.59160      -116.59700      -116.60239      -116.60777      -116.61315
      -116.61853      -116.62389      -116.62925      -116.63460      -116.63995
      -116.64528      -116.65061      -116.65594      -116.66125      -116.66656
      -116.69306      -116.69836      -116.70364      -116.70893      -116.71420
      -116.71947      -116.72473      -116.72999      -116.73524      -116.74049
      -116.74572      -116.75095      -116.75617      -116.76139      -116.76660
      -116.77181      -116.77701      -116.78220      -116.78739      -116.79257
      -116.79774      -116.82409      -116.82925      -116.83440      -116.83955
      -116.84470      -116.84984      -116.85497      -116.86010      -116.86522
      -116.87033      -116.87544      -116.88055      -116.88564      -116.89073
      -116.89582      -116.90090      -116.90598      -116.91105      -116.91611
      -116.92117      -116.94738      -116.95242      -116.95747      -116.96250
      -116.96754      -116.97256      -116.97758      -116.98260      -116.98761
      -116.99261      -116.99761      -117.00260      -117.00759      -117.01258
      -117.01756      -117.02253      -117.02750      -117.03246      -117.03742
      -117.06847      -117.04238      -117.07342      -117.07835      -117.08329
      -117.08822      -117.09315      -117.09806      -117.10298      -117.10789
      -117.11279      -117.11770      -117.12259      -117.12749      -117.13237
      -116.35233      -116.35795      -116.36356      -116.36917      -116.37476
      -116.38036      -116.38593      -116.39150      -116.39707      -116.40263
      -116.40817      -116.41372      -116.41925      -116.42477      -116.43029
      -116.43580      -116.44131      -116.44680      -116.45229      -116.47899
      -116.48446      -116.48992      -116.49538      -116.50082      -116.50626
      -116.51170      -116.51712      -116.52254      -116.52795      -116.53336
      -116.53876      -116.54414      -116.54953      -116.55490      -116.56027
      -116.56564      -116.57099      -116.57634      -116.58168      -116.58701
      -116.61353      -116.61886      -116.62417      -116.62947      -116.63477
      -116.64007      -116.64535      -116.65063      -116.65590      -116.66117
      -116.66643      -116.67168      -116.67693      -116.68217      -116.68740
      -116.69263      -116.69785      -116.70306      -116.70827      -116.71348
      -116.71867      -116.74503      -116.75022      -116.75539      -116.76057
      -116.76573      -116.77089      -116.77604      -116.78119      -116.78633
      -116.79147      -116.79659      -116.80172      -116.80683      -116.81194
      -116.81705      -116.82215      -116.82725      -116.83234      -116.83742
      -116.84249      -116.86873      -116.87379      -116.87885      -116.88390
      -116.88895      -116.89400      -116.89904      -116.90407      -116.90910
      -116.91412      -116.91914      -116.92415      -116.92915      -116.93416
      -116.93915      -116.94415      -116.94913      -116.95411      -116.95908
      -116.99017      -116.96405      -116.99512      -117.00008      -117.00504
      -117.00998      -117.01492      -117.01985      -117.02478      -117.02971
      -117.03463      -117.03954      -117.04446      -117.04936      -117.05427
      -115.87289      -115.87868      -115.88447      -115.89024      -115.89601
      -115.90177      -115.90752      -115.91325      -115.91898      -115.92471
      -115.93042      -115.93613      -115.94182      -115.94750      -115.95319
      -115.95885      -115.96452      -115.97016      -115.97581      -116.00266
      -116.00829      -116.01391      -116.01952      -116.02512      -116.03071
      -116.03629      -116.04187      -116.04744      -116.05300      -116.05855
      -116.06409      -116.06963      -116.07516      -116.08068      -116.08619
      -116.09170      -116.09719      -116.10268      -116.10816      -116.11363
      -116.14030      -116.14577      -116.15121      -116.15665      -116.16209
      -116.16752      -116.17294      -116.17835      -116.18375      -116.18916
      -116.19454      -116.19993      -116.20530      -116.21067      -116.21603
      -116.22139      -116.22673      -116.23207      -116.23740      -116.24273
      -116.24805      -116.27456      -116.27986      -116.28516      -116.29045
      -116.29574      -116.30101      -116.30628      -116.31155      -116.31680
      -116.32205      -116.32730      -116.33253      -116.33776      -116.34299
      -116.34821      -116.35342      -116.35862      -116.36382      -116.36901
      -116.37419      -116.40057      -116.40574      -116.41090      -116.41606
      -116.42121      -116.42636      -116.43150      -116.43664      -116.44176
      -116.44688      -116.45200      -116.45712      -116.46222      -116.46732
      -116.47241      -116.47749      -116.48257      -116.48765      -116.49272
      -116.52403      -116.49778      -116.52908      -116.53413      -116.53917
      -116.54420      -116.54923      -116.55425      -116.55927      -116.56429
      -116.56929      -116.57429      -116.57928      -116.58427      -116.58926
      -116.39601      -116.40160      -116.40717      -116.41275      -116.41831
      -116.42387      -116.42941      -116.43495      -116.44048      -116.44601
      -116.45152      -116.45703      -116.46253      -116.46803      -116.47351
      -116.47899      -116.48446      -116.48992      -116.49538      -116.52204
      -116.52748      -116.53291      -116.53834      -116.54375      -116.54916
      -116.55457      -116.55997      -116.56535      -116.57073      -116.57611
      -116.58147      -116.58684      -116.59219      -116.59753      -116.60287
      -116.60821      -116.61353      -116.61886      -116.62417      -116.62947
      -116.65597      -116.66125      -116.66654      -116.67182      -116.67709
      -116.68236      -116.68761      -116.69286      -116.69811      -116.70335
      -116.70858      -116.71381      -116.71903      -116.72424      -116.72945
      -116.73465      -116.73985      -116.74503      -116.75022      -116.75539
      -116.76057      -116.78690      -116.79206      -116.79721      -116.80236
      -116.80750      -116.81263      -116.81776      -116.82288      -116.82800
      -116.83311      -116.83822      -116.84332      -116.84841      -116.85349
      -116.85858      -116.86366      -116.86873      -116.87379      -116.87885
      -116.88390      -116.91011      -116.91515      -116.92020      -116.92522
      -116.93025      -116.93527      -116.94029      -116.94530      -116.95031
      -116.95531      -116.96030      -116.96529      -116.97028      -116.97526
      -116.98023      -116.98521      -116.99017      -116.99512      -117.00008
      -117.03113      -117.00504      -117.03606      -117.04100      -117.04593
      -117.05086      -117.05578      -117.06069      -117.06561      -117.07051
      -117.07541      -117.08031      -117.08520      -117.09009      -117.09497
